9007 4
9008 2
4064 5
4827 1
7223 5
5606 1
8653 6
10768 3
5692 6
502 5
11248 1
11249 1
10769 3
3394 3
2554 5
3395 3
4065 1
2916 1
9009 2
5693 4
4066 1
2555 1
4067 1
4828 1
3396 1
4068 1
9010 4
10770 3
4069 1
6447 5
3875 1
3837 1
4070 1
4071 1
10771 6
2556 1
6448 3
4072 1
5694 1
4073 1
503 6
8654 6
5695 1
5696 5
5697 1
10772 5
7224 6
4690 1
336 6
9011 2
12044 4
2557 1
5698 6
12045 4
3397 3
2917 1
2918 1
4829 1
9012 2
11250 1
4074 1
9013 4
5607 1
9014 2
2558 1
7225 4
2919 1
2920 1
12046 5
4830 1
2921 1
5364 1
5699 5
7226 4
4831 1
4075 1
7227 5
6449 3
7228 5
3398 3
4076 1
7229 4
5700 5
4077 1
6450 5
9015 4
4078 1
2559 5
2560 5
5701 6
8655 6
10773 5
2922 1
4079 1
5702 6
11251 1
11677 3
11678 3
4832 1
11252 1
9016 4
11253 1
5608 1
7230 4
6451 3
2923 1
10774 3
2924 5
2561 5
4080 1
4081 1
9017 2
4833 1
7231 4
7232 5
12047 4
8319 1
4082 1
2925 1
7233 4
7234 4
7235 5
3838 5
7236 5
4083 1
5703 1
3819 5
4691 5
11254 6
2926 1
3399 3
4834 1
10775 6
4084 1
8656 6
7237 4
6452 3
7238 5
2927 1
2562 1
6453 6
10776 3
2928 1
8657 1
9018 4
3400 1
4835 1
5365 1
2929 1
5366 1
2930 1
2931 1
4836 1
4837 1
2932 1
5704 1
2563 6
2933 1
296 3
5123 1
7239 5
10406 3
2934 1
4838 1
10777 6
7240 4
2564 5
2565 1
9019 4
7241 6
7242 4
8658 1
9020 4
9021 2
504 2
4085 1
3401 1
9022 6
7243 5
5705 1
5706 1
3839 5
8108 6
9023 4
7244 4
9024 2
3402 1
4086 1
4087 1
3403 1
3404 3
7245 4
421 3
11255 1
3405 1
8320 1
4088 1
7246 5
2566 1
3876 1
2567 6
9025 4
2935 1
2936 1
9026 2
9027 4
5707 1
2937 1
9028 2
6454 5
8321 4
297 3
4839 1
6455 3
6456 3
9 5
298 3
5609 1
9029 2
4089 1
5097 5
4840 1
7247 5
8659 1
3406 1
3407 1
6854 5
4841 4
5708 1
7248 4
4493 5
5124 5
234 2
9030 2
6457 6
2938 1
6458 1
4090 1
2939 1
9031 2
299 3
2940 1
4842 1
8322 1
7249 4
7250 4
9032 2
10778 3
9033 2
4091 1
9034 4
6855 4
5709 1
2568 1
5610 1
9035 4
3840 5
7251 5
3408 1
7252 4
2941 1
3409 4
5710 1
10407 3
4092 1
4093 1
4094 1
4591 1
762 2
8323 6
2942 1
3877 1
6856 5
10408 3
10779 6
9036 4
9037 2
5711 6
3410 1
5712 1
5713 1
4095 4
4096 1
4097 1
5714 4
2943 1
9038 2
7253 4
300 3
10409 4
7254 5
5715 1
4098 1
2944 1
11256 3
5716 3
7255 5
5717 3
4099 1
4843 6
6459 3
4844 6
4845 6
11257 3
10780 5
3411 1
5718 4
4494 5
7256 5
2945 1
7257 5
3412 1
2946 1
2947 1
5719 1
8324 1
10 5
5720 4
5721 4
3878 5
2948 1
12048 4
4100 1
4101 1
11 1
5722 5
9039 4
2949 1
4102 1
5723 6
5724 1
4103 1
2950 1
10410 4
10781 3
9040 4
3413 1
9041 2
9042 2
4846 1
2951 1
5725 3
5726 6
3414 1
5727 3
5728 6
6857 5
9043 2
5729 1
2952 1
2953 1
9044 2
9784 1
4847 1
3415 1
8325 1
9785 2
3416 1
10782 3
2954 1
12 1
11258 1
9045 4
9786 5
4104 1
4105 1
9046 4
9047 5
8326 3
4106 1
4107 5
4108 1
7258 5
3417 3
7259 5
5730 5
5731 1
5732 4
4109 4
3418 3
4110 1
11259 1
7260 4
7261 5
8953 1
7262 4
9048 4
227 4
2569 6
9049 4
10411 3
5733 4
4495 1
2955 1
4848 1
7263 5
11260 1
9050 2
4849 1
11261 6
4111 1
9051 2
4112 1
2956 1
2957 1
2570 6
2958 1
2959 1
5734 3
1 1
3419 4
11262 5
9052 2
4850 1
6460 3
10412 3
6461 3
4113 1
5735 1
2960 1
2961 1
2962 1
9053 2
3420 1
3421 1
235 5
3422 1
7264 4
5736 5
8660 1
5737 5
3423 1
5738 1
9054 4
7265 5
9055 4
9056 4
5739 4
5740 1
9057 6
4114 1
2963 1
9058 4
9059 2
6462 3
6463 6
9060 4
9061 2
9062 2
4115 6
11263 1
9063 4
2964 1
6464 6
2571 5
8954 5
5741 1
9064 2
228 2
2965 1
2966 1
8327 5
7196 1
2967 1
9065 2
3820 6
9066 4
5742 1
12049 6
2572 1
2573 1
161 3
9067 4
2968 4
9068 2
2574 1
2969 1
2970 1
763 2
3424 1
2971 1
5743 1
11264 3
5744 4
4116 1
4426 4
5745 1
9069 4
5746 1
2972 1
2575 5
2973 1
7266 4
8328 5
7630 1
2974 1
9070 2
9071 2
522 3
4117 1
11265 3
11266 1
3425 5
9787 5
9072 2
3426 3
7267 4
2975 1
2976 1
11585 4
11586 4
3879 1
5747 4
3427 3
4029 1
4118 1
9073 2
9074 4
301 3
5748 1
9075 4
505 2
5749 5
3428 3
9076 2
7268 5
3429 4
9077 4
7269 4
5750 1
3430 1
9078 2
506 2
9079 2
4119 1
4120 6
4851 1
10413 4
6858 5
7707 5
3431 1
2977 1
9080 2
3432 1
8329 1
10783 5
5751 1
2576 5
9081 2
5752 6
5753 1
7270 5
3433 1
5754 1
2978 1
5755 6
13 5
9082 2
6465 6
3434 1
10414 3
302 3
4121 1
4496 1
9083 4
8330 5
422 1
3435 1
5756 6
2577 1
9084 2
9085 2
7271 4
9086 2
5757 6
5758 4
9087 2
2578 1
2979 1
5759 4
10784 6
12050 4
7272 5
6466 3
8193 4
9088 4
10785 3
9089 2
9090 2
6467 3
10786 5
8331 5
2980 1
7273 4
4122 1
2579 1
7274 4
9091 4
5760 1
8332 3
2981 1
10787 6
4852 1
12051 1
9092 2
5 3
10415 3
10416 3
3436 1
2982 1
2983 1
9093 4
9094 2
9095 2
5761 3
5762 6
5763 1
167 2
5764 5
5197 6
10788 1
10789 3
3437 1
2984 1
168 1
5765 1
2580 5
3821 5
10790 3
10791 3
2581 1
11267 1
8333 6
2985 1
9096 4
9097 2
303 3
7275 6
6468 1
11587 4
7276 4
7277 5
3438 1
7278 4
8661 1
5766 4
7279 4
423 3
4123 1
7280 4
7281 4
11268 1
11269 3
0 1
11270 1
7282 4
8334 1
4124 1
9098 4
10792 3
3439 1
4853 1
7283 4
157 2
2986 1
5134 1
2987 1
2988 1
9099 4
9100 2
523 3
5767 1
5768 1
9101 2
9102 2
6859 4
9103 2
4125 1
2989 1
8662 1
6469 1
9104 4
10793 3
524 3
8335 5
2 1
2990 1
9105 2
9106 4
9107 2
8663 1
9108 2
9109 4
12052 5
8336 5
5769 6
2991 1
304 3
4126 1
2992 1
9110 2
9111 5
6860 4
3440 1
5770 1
4030 1
2993 1
10794 3
9112 2
7284 5
5771 1
10417 3
3441 1
4854 1
3442 2
10418 3
2582 1
8664 3
10419 3
7285 4
2583 5
9113 2
3443 1
2584 5
11271 6
2994 4
3444 4
4855 1
9114 2
5772 1
4856 1
4127 1
2995 1
2585 5
9115 2
11588 2
3445 3
4128 1
9116 2
3446 1
3447 3
5773 1
2586 5
7286 4
3448 3
2996 1
4129 1
9117 2
10420 3
10421 3
2997 1
9118 2
7287 5
9788 5
10422 3
9119 2
9120 2
6470 3
2998 1
7288 5
8665 1
4857 1
3449 3
2587 5
9121 4
9789 2
4858 1
10423 3
3450 3
162 3
8666 3
8337 1
3451 3
8667 3
4859 1
2999 1
5774 1
9122 4
8668 3
3000 1
3001 6
6861 4
6862 4
3452 3
9123 2
9124 2
9125 4
9126 4
11272 3
8338 1
7289 5
10424 3
7290 4
3002 1
11273 1
3 1
4031 3
3453 1
11589 4
9127 2
10425 3
7767 6
4 3
6863 5
6 1
9128 4
9129 2
9130 6
7 3
5775 1
8669 1
5776 4
9131 2
3454 1
9132 4
9133 2
8670 6
5777 1
4860 6
2588 6
3003 1
8 5
229 2
337 4
3455 4
2589 1
9790 5
3004 1
9134 2
3456 1
3005 1
3006 1
9135 2
9791 2
3457 3
6471 5
3458 1
8671 1
4130 1
14 1
9136 2
8672 1
8109 1
6472 6
10426 3
10427 3
3459 3
4861 1
3007 1
3008 1
3971 1
8673 1
3009 1
2590 1
15 1
10795 5
6864 4
10428 3
5778 3
16 1
3010 1
9137 2
17 3
3460 1
3011 1
18 1
3461 4
9138 2
19 3
10796 3
10429 3
8674 1
3462 1
9139 4
9140 2
10797 3
20 1
10798 3
10799 3
21 3
5779 6
4131 1
9141 2
7631 1
3463 1
8675 3
5780 6
3464 1
5781 3
8676 1
9142 4
9143 4
7291 5
3465 3
7292 4
4132 1
8677 1
9144 2
3466 1
8678 1
10800 3
3467 1
9145 2
9146 2
22 3
4133 1
3468 3
7197 1
3012 1
9147 4
236 2
2591 1
8679 3
9148 2
9149 2
7293 6
3469 1
8680 3
3880 1
11590 2
7294 5
3470 1
424 3
305 3
8681 1
3013 1
306 3
10801 3
10802 6
12136 1
8682 1
9150 4
9151 2
23 3
6473 3
9152 4
2592 1
3014 1
3015 1
24 1
5782 1
25 6
10803 3
5783 1
5784 1
6865 4
9792 2
2593 1
5785 3
26 1
8339 2
7295 4
9153 2
5786 1
4862 1
3016 1
7198 1
9793 2
8340 1
10804 3
11591 1
9794 2
9795 1
9154 4
27 3
7296 4
6866 5
3471 1
6474 1
11274 1
10430 3
6867 5
8683 1
4134 1
307 3
3017 1
9155 2
11679 3
28 3
4692 5
3472 4
9796 2
9156 4
5787 3
29 1
9157 4
8341 3
10431 3
6868 5
2594 1
2595 1
8684 3
4863 1
9158 4
30 3
525 3
8685 1
5788 1
9159 2
10805 3
3018 1
8686 1
6869 4
9160 2
31 1
8342 3
7740 1
5789 1
4864 1
4865 1
10432 3
9161 2
9162 2
12053 4
9163 2
9797 2
9164 4
9165 2
9166 6
3019 1
9167 2
9168 4
2596 5
764 2
32 3
9169 4
9170 4
10433 3
33 1
5790 1
7297 5
34 3
11275 1
6475 6
11276 3
163 3
3020 1
3473 3
5791 1
4866 1
11277 1
5792 1
10806 3
10434 3
5793 5
3474 1
2597 6
5794 1
3475 1
9171 4
10435 3
3476 1
4135 1
2598 1
2599 6
9172 4
5795 1
9798 2
9173 2
5796 5
8687 1
4497 1
11278 1
35 1
5797 4
9799 2
6476 5
4136 1
9174 2
9175 2
36 1
9176 2
507 6
3477 1
3021 1
10436 3
1084 2
9177 4
9178 4
8688 1
2600 1
5798 1
8689 3
4867 6
9179 4
3022 1
9180 4
3478 1
37 1
38 1
4137 1
3479 3
9181 4
39 3
5799 1
4138 1
3023 1
9182 2
11680 3
3480 1
8690 1
9800 4
10437 3
3024 1
40 1
12054 4
11279 1
3481 1
3482 1
6477 5
10807 3
11280 1
3025 4
9183 2
5800 3
8691 1
3483 3
5801 1
9801 1
7298 5
6870 6
5802 1
8692 3
4139 1
8693 3
41 3
9184 2
3484 1
10438 3
2601 1
2602 1
11281 1
42 1
9185 2
2603 5
4868 1
2604 1
2605 1
43 5
4140 1
237 2
9186 4
7299 4
10439 3
3026 1
9187 2
10808 6
3485 3
8343 1
44 1
2606 6
45 3
5803 5
8955 5
5611 1
5804 1
2607 1
9188 6
5805 3
4141 1
9189 4
6478 6
2608 1
7300 4
5806 4
8194 4
10809 3
5807 1
5808 1
8344 1
9190 2
9191 2
9192 2
9193 2
9194 2
46 1
47 6
48 1
49 1
6871 4
10810 6
2609 1
2610 1
8181 1
6479 3
4693 5
50 1
9195 2
8694 3
8695 3
9196 4
2611 1
11592 4
4142 1
51 1
9197 2
9198 3
10440 3
6872 4
2612 5
52 3
6873 2
6874 2
8110 1
5809 1
8696 3
11282 3
238 2
9199 2
53 1
54 5
55 3
9200 4
9201 4
3027 1
3486 3
5810 1
9202 2
4143 1
3028 1
3029 1
56 1
57 1
58 1
11593 4
3030 1
5811 3
59 1
9203 2
508 4
9204 4
6480 3
10811 5
10812 3
60 1
61 1
4869 1
11283 1
10813 3
5812 1
9802 1
9803 1
4032 1
3031 1
3032 1
3033 1
4144 2
9205 4
9206 4
8697 3
3034 1
3035 1
5813 1
8698 1
3487 1
4145 1
4033 1
62 3
4146 1
3036 1
63 1
9804 6
9207 4
9208 2
9805 2
9209 2
5814 1
64 1
4147 5
765 2
10441 3
9210 5
7632 6
3037 1
3038 1
9211 2
9212 2
11681 3
10442 3
8699 1
3039 1
11284 1
2613 5
2614 5
9213 6
5815 3
11285 1
5816 1
10443 3
5817 1
9214 4
9215 2
5818 4
9806 2
2615 6
10814 3
9807 2
5819 5
8700 1
8701 1
9808 1
2616 1
3040 1
9216 2
3488 1
5820 1
10444 3
4870 1
3041 1
9217 2
239 2
6875 5
10815 3
8702 1
65 1
3042 1
7741 1
8703 1
8704 3
9218 2
425 3
5821 4
9219 2
12055 5
2617 1
3043 1
3044 1
10816 3
5822 6
5823 5
2618 5
8705 1
5824 1
9220 4
5825 6
8706 3
3045 1
9221 2
9222 4
6876 3
66 3
3489 1
2619 1
5826 1
11286 1
11287 1
9223 2
5827 5
6877 5
67 1
5828 1
9224 4
7301 5
5829 4
426 3
526 3
5830 6
5831 1
4871 1
68 1
9225 2
7302 5
69 3
3046 5
10817 5
10818 1
11288 1
4872 1
6481 5
3490 1
9226 2
8707 1
8708 1
9227 2
70 1
9809 2
5832 5
9228 2
4148 1
7303 4
10819 3
2620 6
5833 5
5834 3
5835 1
71 1
3491 1
5836 4
3492 1
9810 2
5837 5
5838 5
7304 4
5839 5
5840 1
9229 4
9230 2
72 1
5841 1
73 1
9811 1
2621 1
3047 1
2622 5
2623 5
8709 1
9231 2
5842 4
74 3
3493 1
7305 4
9232 2
9233 4
10820 3
4149 1
8345 1
9234 4
9235 2
9236 2
9237 2
6878 6
766 2
338 2
3494 2
5843 1
8710 1
5844 1
11289 1
3048 1
3049 4
8711 3
3050 1
9238 2
5845 1
9812 1
5846 1
5847 1
9239 4
11682 3
8346 1
9240 2
4150 1
8347 1
2624 6
9241 2
767 2
75 3
3051 1
3052 1
6482 6
76 1
77 1
3053 1
8348 1
9242 4
8712 1
3495 3
78 1
3054 1
8349 1
5848 1
79 3
80 1
81 6
10821 3
308 3
3496 1
8350 1
9243 4
8351 1
3055 1
4151 1
7306 4
3497 3
309 3
12137 1
8352 1
9244 2
11290 1
4152 1
82 3
6483 6
527 3
3056 1
6879 6
11291 1
5849 3
9813 2
11594 4
2625 1
9245 4
310 3
5850 3
9814 4
83 1
3057 1
84 4
2626 5
10822 3
2627 1
8713 1
3058 1
768 2
10445 4
509 2
7307 4
4498 1
85 3
4873 3
5851 5
769 6
86 1
87 1
10823 3
88 1
5852 1
5853 1
3059 1
89 1
7308 4
6484 3
11595 1
2628 5
9246 2
4874 1
3060 1
10824 3
6485 3
3498 4
3499 4
4875 1
90 1
9247 2
9248 4
9249 2
10825 3
10446 3
5854 3
8714 3
3061 1
9250 2
7768 2
9251 2
10826 3
10447 3
5855 1
4499 5
8353 6
9252 4
91 3
8111 1
10448 3
8715 1
9253 2
11596 5
5856 5
8716 1
5857 1
3062 1
5858 5
5859 1
9254 2
92 3
93 1
5860 3
94 3
2629 1
95 1
9815 2
11683 3
10449 3
11684 6
8717 1
2630 1
11292 3
6486 5
3500 3
6880 5
9255 2
6487 3
5861 3
96 1
9256 4
8354 1
9257 2
9258 4
311 3
7309 4
9259 4
97 3
5862 3
3063 1
9260 4
10827 3
8718 1
3501 1
10828 3
3064 1
9816 2
9261 2
770 2
6488 3
98 1
6881 1
8719 3
3502 1
11293 1
9817 2
2631 1
2632 1
2633 1
3065 1
3066 1
8355 3
9262 2
7310 4
6882 4
9263 2
11685 6
3503 4
5141 1
5863 3
9264 2
10450 3
5864 4
4153 1
7633 1
99 1
8356 2
6489 3
3504 1
2634 1
5865 1
5866 3
9265 2
9266 2
7311 5
5867 1
3067 1
4154 1
5868 1
9267 2
6490 5
3505 1
2635 1
2636 6
8720 3
9268 4
2637 1
100 5
5869 1
5870 1
3068 1
8721 1
5871 1
5872 3
9269 2
8722 3
3069 1
9270 4
7312 5
3881 6
5873 1
3506 1
101 1
6491 5
4876 3
8723 3
5874 5
9818 1
102 1
2638 5
4155 1
4156 1
3070 1
10829 3
3507 1
4157 1
5875 3
8357 6
103 1
104 1
4158 1
5323 1
11686 5
6812 1
8724 3
9271 2
145 2
5876 5
8725 1
8358 5
2639 1
3841 4
105 1
3071 1
6492 5
5877 1
4159 1
9819 2
9272 2
9273 2
9274 4
4160 1
9820 1
4161 1
8726 3
9275 4
8359 6
9276 6
106 1
11687 1
107 1
9277 2
10451 3
2640 1
9821 5
8727 1
4162 1
12138 3
9278 4
2641 1
3072 1
108 5
6883 6
6884 4
5878 4
9822 2
9279 4
9280 2
3785 1
3073 1
3074 1
3075 1
6493 1
4163 1
9281 4
146 2
3972 6
10830 3
9282 2
9283 2
3508 1
8728 1
3509 1
4164 1
5879 2
312 3
3076 1
3510 1
7742 4
5880 3
4165 1
3511 1
5881 1
11597 6
6494 6
109 6
4166 1
5882 4
9823 2
2642 1
4500 1
3512 1
5883 1
110 1
3513 1
4167 1
4877 2
9284 4
5884 1
5885 1
5886 1
4168 1
111 1
112 1
9285 4
3514 2
6495 3
2643 1
5887 1
9286 2
4169 6
113 1
114 1
6496 1
4501 1
4502 1
9287 4
9288 4
6497 6
6498 5
5888 1
115 3
3077 1
9289 2
5889 5
4503 6
10831 6
5890 1
5891 6
5892 6
8729 1
116 1
117 1
5893 1
4170 1
4171 1
2644 1
118 1
8360 3
4172 1
3515 3
3078 1
4173 4
9290 4
11688 3
8730 1
3079 1
8731 1
2645 1
4174 1
4175 1
10452 3
6499 3
7313 4
2646 1
4176 1
119 5
3516 1
5894 1
5895 1
9291 4
3080 1
9292 2
3517 3
120 1
164 3
510 2
9293 4
5896 1
121 1
4878 1
5897 1
122 6
3081 1
11294 1
123 5
5898 1
4879 3
3518 3
7314 4
5899 1
3519 1
9294 2
9295 4
124 3
8732 1
4880 1
2647 1
12139 3
4177 1
4178 1
5900 3
125 3
8733 1
8734 3
3520 3
9824 2
10453 4
5901 2
8361 6
9825 2
8362 6
6500 3
3521 1
126 6
3522 3
127 1
9296 2
4179 1
128 1
9297 2
9826 2
129 1
130 1
9298 4
131 1
2648 6
9299 2
3523 1
8195 5
3082 1
3083 1
4881 1
9300 4
132 1
133 1
3084 1
4180 1
9301 2
9302 2
9303 2
9827 1
4181 1
134 1
771 2
3524 1
135 1
136 1
9304 2
8363 6
5902 1
6501 3
4882 1
3085 1
5903 6
10832 3
5904 1
9305 4
9306 2
5905 6
7315 4
137 1
6502 6
240 2
3525 1
5906 1
3086 1
3087 1
3526 1
5907 1
4182 1
8735 3
5908 3
3527 3
3088 1
528 3
313 3
3089 1
2649 5
3528 3
3090 1
4183 5
6503 3
3529 1
6504 1
8736 1
4883 1
9307 2
9828 5
10454 3
3530 1
138 6
5909 3
3091 1
4884 1
9308 4
3531 1
3532 1
2650 6
3533 3
139 1
9309 4
9310 4
9311 2
9312 2
9313 2
5910 1
8737 1
8738 1
2651 1
140 1
5911 1
4184 1
2652 1
141 1
9314 2
9315 2
6505 1
4185 1
9316 2
5912 3
4186 1
3534 4
9317 4
142 1
4034 1
3535 1
9318 4
2653 6
5913 5
5914 1
11598 2
9319 4
7316 4
143 1
3536 1
5915 1
144 2
9320 4
5916 1
5917 1
147 1
8364 1
2654 6
9321 2
9322 4
4187 1
148 1
5918 1
5919 3
9323 2
9324 4
9325 2
9326 2
9327 4
9328 2
529 3
4188 1
5920 1
4189 1
5921 1
6506 1
5922 3
3537 3
3538 3
9329 2
5923 1
9330 2
4885 1
5924 1
8365 5
9331 2
7317 4
6507 3
8739 1
3092 1
9332 2
9333 2
10833 3
6508 3
8366 5
9334 2
149 3
5925 1
3539 1
11295 6
10455 3
6509 3
10834 5
7318 5
2655 6
150 1
6885 2
6510 3
6886 5
2656 1
10835 3
2657 1
8367 3
9335 4
9336 2
9337 2
7319 4
3540 1
151 1
6511 5
230 2
152 1
9338 4
9339 4
10836 1
7320 5
5926 4
5927 3
9340 2
9341 4
9342 2
5928 4
8740 1
8112 1
9829 2
9343 4
8368 6
10837 6
4190 1
4191 1
9830 2
9344 4
9345 2
5929 4
6512 3
5930 3
4192 1
3541 3
9831 2
9346 2
9347 2
3542 1
9348 4
9349 4
8741 1
3093 1
3094 1
9832 2
9350 2
6887 2
10838 3
6513 3
9833 2
9351 6
3543 3
9352 4
9353 2
10839 3
10840 6
5931 1
153 1
9354 2
9834 2
9355 2
11599 1
5932 1
4193 1
5933 3
9356 4
11296 1
3095 1
3096 1
154 3
155 3
4194 1
156 2
314 3
5934 1
158 1
5935 1
10456 4
6514 3
5936 5
4195 1
8742 3
9357 2
9358 4
9359 2
9360 4
5937 1
11297 3
4196 1
4197 1
9361 2
6515 3
5938 1
4198 1
3097 1
159 1
9362 5
9363 2
2658 1
11298 6
3544 1
9364 2
12056 5
5939 1
9365 2
9366 2
4199 1
7321 4
5940 4
5941 6
12057 4
11299 5
5942 1
8743 1
4886 1
9835 2
160 3
3098 1
9367 5
11300 1
4200 1
772 2
10841 3
3099 1
9368 4
9369 2
11600 5
8744 1
3545 3
9370 4
9371 4
9372 4
9373 2
9374 2
5943 1
3842 5
8745 1
4201 1
5944 1
5945 1
3546 3
9375 4
3100 1
9376 2
9377 4
8746 1
3547 1
5946 1
5947 1
165 1
3548 3
4202 1
4203 1
9378 4
9379 5
9380 2
166 1
169 1
9836 2
9837 2
9381 4
170 6
5948 6
4204 1
2659 1
4205 1
3549 3
171 6
4887 6
5949 1
4888 1
4206 1
3550 4
5950 5
5951 1
8747 1
2660 1
2661 1
172 1
173 1
174 1
9382 4
11601 2
7322 5
9838 6
8748 3
4889 1
3101 1
175 1
9383 2
9384 4
5952 3
10457 4
3102 5
4207 5
9839 2
9840 2
2662 1
176 1
9385 2
2663 1
9386 2
6516 3
177 1
2664 1
9387 2
9841 2
9388 4
5953 3
10458 3
3103 1
9389 4
511 6
9390 2
11301 1
5954 3
9391 2
4890 1
2665 1
178 1
3551 3
6517 6
179 6
5955 1
180 1
7323 4
9392 2
9393 2
10842 5
181 1
9842 2
9394 4
9395 2
9396 4
11602 2
11302 1
3104 1
9843 2
9397 2
3552 3
4208 1
3553 3
6518 1
9844 2
9398 2
9399 4
9400 4
11303 5
4209 6
8749 3
3554 3
3555 3
182 1
9401 2
9845 2
11689 3
10843 3
183 1
3105 1
184 1
9402 2
9403 2
9404 4
9846 2
9405 4
9406 4
9407 2
2666 6
455 3
3106 1
9408 2
11690 3
7324 4
9409 2
5956 5
9410 2
4210 1
5612 1
9411 2
3107 4
9412 4
4891 1
9413 4
7325 5
5957 1
5958 1
6519 3
3556 3
9414 4
185 1
186 1
3108 1
9415 2
6520 3
2667 1
7326 4
187 1
3109 1
5959 3
11304 3
7743 3
5960 1
7327 4
9416 2
6888 4
6521 1
3110 1
9847 2
11691 3
2668 1
2669 1
3111 1
188 2
7328 4
9417 2
9418 2
6522 5
11692 6
12140 4
10844 3
9848 2
7329 5
9849 2
9419 4
9420 2
6523 3
189 1
3112 1
5961 3
9850 2
9851 2
9421 2
2670 1
190 1
3557 1
9422 2
9852 2
530 3
10459 3
191 3
4211 1
3113 1
3114 1
339 2
7330 5
6524 3
3558 1
3115 1
9853 2
6889 2
9423 2
10460 3
5962 1
7331 5
5963 2
7332 5
192 1
193 3
3559 3
3560 1
9424 2
6890 4
9854 2
9425 4
10845 3
10846 5
4892 1
9855 5
5964 1
11305 1
9856 2
9426 4
9427 4
6525 3
9428 5
7333 5
3116 1
194 1
195 1
6526 3
6527 1
11693 3
11694 3
6528 6
4212 1
9857 2
9429 2
9430 4
4213 1
4214 1
8750 1
9431 4
9432 4
9433 4
9434 2
9858 5
531 3
10847 3
4893 5
8751 1
773 2
196 1
2671 5
3561 1
8752 3
3562 4
9435 2
2672 5
2673 1
197 1
198 1
3117 1
9859 2
9860 2
9861 2
9436 2
10461 3
10848 5
7744 1
199 1
3563 3
3564 1
6891 4
9437 2
9438 4
9862 5
200 1
11695 3
10849 5
201 3
10850 3
10851 3
5965 1
5966 1
9439 2
9440 2
4215 1
9441 2
12058 4
9863 4
9442 2
9443 4
9444 2
6529 3
8753 3
5967 1
202 1
9864 2
10852 5
10853 3
340 2
9865 2
9866 4
203 6
5968 4
5969 1
9867 1
11306 1
3118 1
3119 1
8113 6
8369 1
5970 5
11696 3
11697 3
10854 3
204 3
205 3
206 3
6530 5
11307 6
8370 1
9445 2
9446 2
8754 6
6892 1
207 1
427 3
8755 3
208 3
7334 6
7335 5
10855 3
209 6
9447 2
6893 4
6894 2
6531 3
8756 3
4504 1
210 1
211 1
212 1
213 1
214 1
215 1
10856 3
2674 1
3120 1
8757 3
8758 3
216 1
9868 2
9448 2
9869 5
4216 1
8759 3
8760 3
8761 1
7336 4
6895 2
10462 3
3565 3
217 1
3121 1
9449 2
9870 2
9450 4
9451 2
3566 3
10857 5
218 3
3567 3
4217 1
8762 3
219 1
9871 2
9872 2
9452 4
9453 2
9454 2
5971 1
9455 2
2675 5
3568 3
8763 3
220 1
221 1
222 1
7337 4
5972 3
5973 1
8114 1
223 1
9873 2
9456 4
6896 2
5974 5
224 3
225 3
9874 1
5975 1
9875 2
9457 4
774 2
6532 3
5976 5
9876 2
10858 3
10859 3
9877 2
3569 4
11698 5
11699 6
5977 1
3570 1
5978 3
226 2
2676 5
4218 1
3571 3
11308 1
3122 1
8764 3
231 1
7338 5
2677 1
232 2
233 2
3572 3
8765 6
9458 4
11700 3
11701 3
3123 1
3124 1
4219 1
9459 2
9460 4
11702 6
9461 4
6897 4
241 1
11703 1
775 2
2678 1
9462 2
9463 2
9464 2
9878 2
6533 5
5979 1
11309 3
3573 3
242 1
7339 4
9465 3
10463 3
11704 3
243 1
8766 3
244 1
9466 2
10860 3
245 3
4220 1
3125 1
3574 3
3126 1
9467 2
10464 3
3575 1
5980 3
5981 1
246 1
247 1
4894 1
248 1
249 1
5982 3
250 6
3576 1
251 1
6534 3
252 3
253 3
254 3
9879 2
4505 1
11183 5
255 5
11310 6
5983 3
3127 1
256 1
532 3
533 3
5984 1
257 1
258 3
3577 1
5985 1
5986 4
6898 2
9468 4
9469 2
5987 4
259 3
11705 3
260 3
6535 1
3128 1
8371 1
3129 1
8767 3
261 1
2679 1
9470 4
5988 5
3130 5
9471 2
9472 2
4895 2
2680 5
11311 1
6536 6
262 1
263 1
264 1
265 2
5989 1
9473 5
10465 3
6899 5
5990 3
9474 2
266 3
11706 3
9475 2
776 2
10466 3
267 1
268 1
11312 3
5991 1
5992 1
10861 3
4221 1
269 5
11707 1
11313 1
9476 4
6537 3
2681 1
5993 1
270 1
9880 2
9881 2
4896 1
9882 2
9883 2
271 1
272 1
273 3
274 1
6900 2
3578 2
534 3
4506 1
5994 3
5367 1
3131 1
9477 2
11708 3
5995 3
9478 5
5996 5
11709 3
11710 3
8372 1
3132 1
275 1
10862 6
12059 4
276 2
4897 1
2682 1
9884 2
7340 4
3579 4
277 1
3133 1
4222 4
9479 4
278 3
279 3
280 3
10863 3
8373 1
281 1
11314 1
777 2
535 3
10864 3
9480 2
9885 2
9886 2
7341 4
8768 1
9887 2
7342 4
11711 5
282 3
5997 1
283 3
3134 1
11712 3
11713 3
284 1
5998 1
5999 3
6000 4
6001 4
11714 3
285 1
286 1
9481 4
11715 6
8956 5
287 3
3135 5
3136 1
7343 5
11716 3
6538 1
9888 2
9889 2
288 3
2683 5
8374 3
11315 3
12060 6
6002 1
6003 2
6004 5
6005 5
4223 1
289 1
4224 1
8115 4
10467 3
2684 6
290 3
8375 6
7344 1
10865 3
291 1
3137 6
11316 1
9890 6
3580 1
8376 3
292 1
12061 4
9891 2
9892 2
9482 4
9483 2
2685 6
2686 6
2687 6
9484 2
9485 2
293 3
6539 1
3581 1
7345 1
9893 2
10468 3
6006 1
11717 3
2688 1
2689 6
294 3
6007 3
3138 1
3139 1
3140 1
3582 6
8377 6
10469 3
6008 6
11718 3
10866 3
4898 1
3141 1
9894 2
295 3
10867 6
10868 6
10869 6
8116 5
2690 5
9895 1
6009 1
3142 1
9486 4
6010 4
315 1
316 1
317 1
12062 6
6011 1
9487 4
11719 1
318 3
319 6
9896 2
11720 6
11721 6
11722 3
6540 3
11317 1
8769 3
6012 3
3583 1
9488 2
320 2
6013 4
321 3
322 3
4427 1
9897 2
9898 2
7346 4
6014 5
6015 6
11723 3
11724 3
7199 1
9489 4
323 1
9899 2
6016 6
7347 4
2691 1
324 2
7348 4
10870 3
9900 5
3584 3
3143 1
9490 4
7349 4
10470 3
325 2
11725 3
326 3
11726 3
4225 1
9901 2
4507 5
2692 1
8770 3
9902 2
327 3
8117 6
11727 6
6541 5
3585 1
328 1
2693 6
6017 3
6018 4
7350 4
11728 6
3586 4
2694 1
329 3
330 3
331 3
6019 6
6020 2
7351 4
536 3
3587 4
332 3
6021 1
3588 1
9491 4
9903 5
6022 1
4226 1
3144 1
6901 5
8378 6
3145 1
3146 1
5368 5
7352 5
4899 1
3589 1
333 1
334 1
3147 1
9904 2
335 2
9492 2
6023 1
341 2
10471 3
6542 3
6024 4
537 3
342 1
6902 4
11729 3
6025 5
3590 3
8379 3
343 3
2695 1
3148 1
3149 1
344 1
538 3
10472 3
345 1
6543 3
346 3
347 3
3150 1
3151 1
9493 2
8380 4
539 3
11730 5
3152 1
348 1
9905 2
10473 3
8381 1
349 1
4227 1
9494 2
10871 6
6903 4
3591 1
8118 6
4228 3
3153 1
3154 1
350 1
9906 2
10474 3
10872 6
11731 3
10873 3
11732 3
3155 1
9907 2
8382 1
9908 2
9495 6
6904 5
2696 5
351 1
4229 1
9909 2
6905 2
6544 3
6545 3
6546 3
11733 3
10874 3
3156 1
3157 1
3158 1
9910 5
7353 4
9911 1
6547 3
11734 5
6548 5
3592 1
352 1
353 1
3159 1
354 6
6026 3
3160 1
9912 2
540 3
6549 5
6027 1
3593 1
3161 1
3162 1
9496 2
9913 2
9497 4
355 3
6550 1
7200 1
4035 1
356 2
357 2
358 2
10475 3
541 3
2697 5
11735 3
359 1
7354 6
360 3
8383 3
6551 1
6028 4
6552 6
8771 1
6029 1
9914 5
11736 3
361 3
6030 3
3163 1
6553 3
2698 1
362 1
363 1
364 3
365 1
3594 1
3595 1
3164 1
9915 2
7769 6
2699 1
366 6
367 3
6031 1
9916 2
11737 3
11738 3
11318 3
11739 1
3165 4
6906 4
10476 3
9917 2
10875 3
3596 3
9498 6
3597 1
368 1
9499 2
10477 3
3598 1
3599 1
6907 4
9500 2
3600 1
2700 6
4230 1
7355 4
9918 2
9919 2
9501 4
369 3
6554 3
6908 2
9920 2
7356 5
5369 6
7357 4
9502 2
3166 1
370 1
9503 4
371 6
7358 5
372 1
3167 1
9504 2
9505 2
10876 3
11740 3
373 1
9921 2
8119 1
11741 3
3601 4
3602 5
3603 1
4231 1
6032 3
8772 1
374 1
3168 1
3604 4
7359 4
4900 1
11319 3
9506 4
6555 3
11742 3
375 1
11320 1
10877 5
11743 3
11321 1
11322 1
8773 3
3169 1
3170 1
6556 3
9922 1
3882 1
11323 1
9923 6
10878 6
10879 6
6033 1
6557 3
10880 3
10881 3
11744 3
376 3
377 1
3171 1
3172 1
378 2
9507 4
379 3
380 1
381 2
10882 6
11745 3
4232 1
382 1
383 1
11324 3
6558 1
6034 3
2701 1
9508 2
6559 3
11746 6
11747 3
5154 4
5613 1
3173 1
6035 5
8384 5
7360 4
6909 5
10883 3
384 3
3174 1
8774 1
3175 1
3176 1
9924 5
10884 3
11325 3
385 3
4233 1
3177 1
10478 3
3605 1
5128 5
2702 5
4901 1
4902 1
386 1
9509 2
9925 2
9510 2
2703 6
2704 5
387 1
3606 1
11326 1
4592 1
11327 1
10885 6
2705 6
6910 1
11748 3
388 3
8775 1
389 3
6036 3
390 3
6037 1
9926 2
9511 2
3973 1
8120 6
3178 1
391 3
8385 1
9927 5
8121 5
392 3
393 2
9512 4
3607 2
7361 4
6560 3
3608 3
6561 3
394 1
6038 1
3179 1
3180 1
395 1
9928 2
7362 4
7363 4
11749 6
10886 5
10887 3
6039 3
6040 3
6041 1
3181 1
9929 2
9930 2
11750 6
4903 1
8776 1
3182 1
9931 2
396 2
9513 4
11751 6
397 1
8995 6
4234 1
4235 1
8777 3
398 1
9514 4
7364 4
399 6
6042 1
6043 1
6562 6
4236 1
9932 2
9933 2
6563 3
2706 5
6564 5
6565 6
400 1
9515 4
11603 4
6566 3
3609 3
11328 2
2707 1
11752 6
3610 3
6044 1
3183 1
401 1
402 1
9934 2
403 2
4237 6
9516 2
6567 3
6045 4
404 1
8778 3
6046 1
405 1
406 2
407 2
9517 4
6047 2
7365 5
2708 1
6568 6
3184 1
7366 4
7367 5
11329 3
2709 1
6569 6
8779 3
3611 3
408 1
7368 5
409 1
410 3
6048 1
9935 6
10888 3
6049 1
411 4
6911 2
412 2
9936 2
9518 4
6912 4
7369 5
6050 3
7370 4
4904 1
413 5
3612 1
414 3
7371 4
8122 6
6570 3
3185 6
6051 3
3613 1
415 4
7372 4
9519 2
10889 3
542 3
11753 3
2710 1
416 1
9937 2
6571 3
6052 6
3822 5
417 3
6053 3
6054 3
418 1
6913 4
6055 3
6056 3
3186 1
6914 5
419 2
6572 3
10890 3
420 3
4905 1
2711 5
428 1
6573 6
6574 6
429 3
12141 3
10479 3
6575 3
6057 3
3187 1
3188 1
3189 1
3190 1
430 1
431 1
432 2
9520 4
10480 3
10481 3
12063 1
6058 1
433 2
3191 2
6576 3
7373 1
3614 1
6059 3
434 1
6060 3
3192 1
4238 6
6915 5
11754 3
435 1
436 3
437 3
4239 1
6061 3
8780 3
3193 1
3194 1
3195 1
3196 1
3197 1
438 2
4240 6
6916 4
7374 5
439 3
6577 3
440 1
441 1
6578 3
11330 5
9938 1
6062 1
442 1
7375 4
11755 3
4241 1
6063 3
3615 3
10482 3
8123 5
3616 4
3617 1
6064 1
443 3
444 3
6065 3
6066 3
7376 4
3618 1
11331 3
445 1
4242 1
9939 2
10891 3
10892 3
10893 3
2712 1
7377 4
11332 3
10483 3
12064 5
11756 3
9940 5
9941 1
446 3
447 3
4036 1
8386 1
6067 1
6068 1
6579 6
448 3
7378 4
9521 2
449 3
9942 1
6069 3
8781 1
450 1
2713 5
451 3
452 3
6070 1
3198 1
3199 1
9943 2
9944 2
453 5
6580 3
10484 3
6581 3
7379 1
8782 4
6071 1
12142 6
8387 1
10485 3
7770 6
454 3
8783 3
617 3
9945 2
10894 6
6582 3
5370 1
456 3
3200 1
9522 4
3619 1
9946 5
6583 3
6584 3
7380 4
6585 6
3883 1
3620 1
9947 2
6586 3
11604 4
6072 1
8388 3
457 3
8784 3
9948 2
9949 2
9950 2
9951 2
9952 2
7381 1
10486 3
458 3
459 3
6073 3
9953 2
9954 2
9955 2
9523 4
460 3
11333 3
8785 1
3201 1
3202 1
461 1
11757 3
462 3
463 3
464 6
465 1
466 2
6587 3
11758 3
8786 1
467 3
6074 3
6075 3
3621 1
3203 1
9956 2
468 2
9524 2
8124 6
6588 3
11759 3
6076 1
6077 1
3204 1
9957 2
7382 4
7383 4
10487 3
469 1
8389 6
4243 1
6078 3
9958 2
6589 3
6079 1
6080 1
470 3
3205 1
7384 4
7385 5
8390 1
8391 5
471 2
472 1
8392 6
473 6
4244 1
474 2
6590 3
4245 1
475 3
8787 1
3206 1
9959 2
7386 4
778 2
11760 6
476 3
5614 1
477 3
9525 2
7387 5
6591 3
6592 3
6593 6
9526 4
10895 5
10488 3
6594 3
6081 6
478 1
4246 1
2714 1
2715 1
6082 5
4247 1
4248 1
9960 2
11334 1
7388 1
6083 1
3207 1
3208 1
3209 1
3210 1
479 1
7389 5
10489 3
11605 2
8125 5
6595 3
2716 1
3622 3
6084 3
6917 5
7390 4
9527 2
9528 2
8393 1
4906 1
2717 1
6788 6
6085 3
480 1
481 1
482 2
10490 3
483 3
484 1
485 1
4907 1
11335 3
6086 4
6918 5
7708 5
3623 4
8394 1
3211 1
486 1
487 2
488 1
11761 3
489 3
7391 1
3212 1
490 2
8395 6
491 2
11762 3
3624 1
492 3
493 3
494 3
8788 3
495 3
496 1
9529 2
3213 1
9961 2
9962 2
497 2
6919 4
4249 1
498 3
9963 2
4908 1
4250 1
7392 4
7709 1
499 3
11763 3
500 3
8789 1
501 2
9964 2
9965 2
9530 2
6596 3
11764 3
4251 1
4252 1
512 3
12065 4
513 1
10896 3
4253 1
9966 2
514 2
9967 2
515 6
9968 1
516 3
11336 3
3214 1
9969 2
9970 2
4909 6
10491 3
11765 6
10897 5
6920 5
9971 1
11337 3
3215 1
517 2
518 1
6597 6
3216 1
9972 2
1085 2
7201 6
11766 3
6087 1
6088 1
3625 3
6598 3
7393 5
4910 1
519 1
3626 1
520 1
6089 6
9973 5
521 3
8396 1
9974 5
543 1
3627 3
9975 4
9976 2
9531 4
10492 3
11767 3
4694 1
544 1
545 1
9977 2
9532 2
4911 1
6599 1
6090 1
4254 1
6091 3
546 1
3217 1
547 1
8790 1
6092 1
6600 1
3218 1
3219 1
3220 1
7394 4
7771 2
548 3
549 3
550 3
551 3
552 3
553 3
12066 6
4255 1
6093 3
8791 3
3221 1
3222 1
3223 1
554 1
555 2
9978 2
556 3
557 3
11338 5
8792 1
3224 1
11768 3
6601 3
558 6
559 3
6094 3
6095 3
11339 3
6096 1
11340 3
9533 2
11341 5
6602 3
6921 5
4256 1
560 3
6097 1
11342 3
9534 4
10898 6
7395 4
3843 5
5615 1
9979 2
11606 1
6098 1
11769 3
561 3
3628 3
3225 1
562 1
3844 1
8126 6
7396 4
8397 1
563 3
7397 5
7398 2
6922 1
9535 2
6603 3
10899 3
10900 3
4912 1
564 1
8793 3
11343 1
9980 2
9536 4
2718 1
6604 5
6099 1
8794 1
7399 4
9537 2
6100 2
2719 6
6101 4
565 3
6102 1
4257 1
2720 1
3226 1
3227 1
566 3
12143 3
8795 1
3228 1
3229 1
3230 1
7400 4
11770 6
10901 3
6103 1
567 1
10902 3
3231 6
568 1
3232 1
8796 1
4258 1
6923 5
6104 1
6105 3
8797 1
11344 3
8196 4
569 2
570 3
6605 3
6606 3
6607 1
571 3
8398 1
6608 3
6106 6
572 1
8399 6
6107 1
3233 6
573 1
11345 3
7401 4
7402 4
8400 1
10903 5
574 3
11346 1
4593 1
4259 1
575 3
576 3
3234 1
3235 1
577 1
8401 4
7403 4
578 3
9981 2
9538 2
9539 4
10904 5
8402 1
10493 3
579 3
6609 3
3236 1
3237 1
3238 1
9982 2
580 2
4913 1
8798 1
9983 2
9984 2
6108 2
581 3
6610 3
6611 3
4260 6
6924 5
4261 1
2721 5
6109 1
582 1
583 1
4262 1
6110 3
3629 1
6925 3
4037 1
7404 4
584 4
3630 2
585 1
586 1
6111 1
6112 3
587 3
8403 1
6113 1
3631 1
3239 1
588 1
589 2
590 1
10905 3
6612 3
4263 1
2722 6
591 3
6114 1
6115 1
3632 1
11347 3
5158 4
592 4
4264 6
10229 6
6613 3
8799 6
593 1
11348 6
594 3
6116 1
3240 1
595 2
7405 4
11771 3
596 1
6117 1
6118 1
3241 1
3242 1
3243 1
7772 2
597 1
8800 1
3633 1
6119 1
10494 3
8404 6
11772 3
10906 3
6120 1
598 1
8801 3
599 1
9540 4
9541 4
11773 3
8957 5
11349 3
6121 3
7406 4
6122 2
6123 6
11774 6
8405 1
11775 3
2723 1
7407 5
600 1
12067 5
601 1
9985 4
9542 2
11776 5
6124 6
11777 3
10907 3
9986 5
602 1
6614 6
4265 1
8802 3
6125 1
3244 1
2724 1
3245 1
3246 1
6615 3
3634 3
11778 5
603 3
6126 3
6127 1
2725 1
4914 1
9987 1
8803 1
8804 3
8406 3
9988 2
3823 2
604 6
5324 6
4915 6
605 3
6616 3
606 1
3635 1
6128 3
6129 3
9989 2
9990 2
9991 2
3636 4
607 1
8958 5
608 3
9992 2
7408 4
6130 1
9993 2
609 2
9994 2
6617 3
11350 3
610 3
7409 4
9543 2
6618 3
2726 1
8805 1
611 1
612 1
613 3
614 2
11607 2
6131 4
7773 6
3247 1
3248 1
3249 1
10495 3
6132 6
615 1
2727 1
4266 1
616 3
618 2
7774 2
6619 3
10496 3
11608 5
619 3
6620 3
620 3
11351 3
621 3
622 1
3250 1
3251 1
9995 2
10497 3
623 1
4916 1
6621 5
8806 1
3637 3
8807 3
3638 3
8808 1
9996 2
6926 4
3639 3
7775 2
9544 2
624 3
8407 6
11779 3
11780 3
8408 1
3252 1
3253 1
9545 4
10498 3
9997 5
9998 4
8809 1
8810 1
6133 1
3254 1
7410 4
9546 4
6927 5
8409 6
8410 6
4267 1
9999 1
6134 1
11781 1
6135 3
625 1
3255 1
10000 2
10001 2
6928 4
9547 2
10002 5
10908 3
10909 3
3640 1
6622 6
626 3
627 3
7411 4
6929 2
6623 3
4268 1
628 1
8811 1
11352 3
4269 1
3256 1
3257 1
629 1
3258 1
3259 1
10003 2
10499 3
630 1
631 1
4270 1
2728 1
3641 1
632 3
6624 6
7412 5
3260 1
3261 1
3262 1
3263 1
6930 2
11782 3
3642 1
633 3
6625 6
6136 1
7413 5
3264 1
3265 1
3266 1
3267 1
9548 4
634 1
635 2
636 1
11353 3
6626 6
8812 3
3643 1
7414 4
7415 4
11783 3
6627 3
11784 3
637 3
638 3
6628 3
3644 1
6137 1
639 1
640 3
3645 1
3268 1
7416 4
6629 3
641 1
11785 3
642 3
11354 5
4271 1
643 3
10500 3
10910 6
6630 3
6631 5
3646 1
6138 3
644 2
10004 2
7776 2
11355 3
645 6
8813 3
646 1
3269 1
3270 1
3271 1
10005 2
10006 2
6931 4
7417 5
6139 4
10501 3
10911 6
2729 1
3272 1
12068 4
10007 2
647 2
6932 4
7777 2
9549 2
648 3
6140 1
4917 1
649 1
650 2
10008 2
10502 3
10912 6
651 1
11356 3
11786 3
652 6
653 1
654 1
2730 1
655 2
11787 5
10913 5
10914 4
10915 3
6632 3
656 3
5616 1
657 3
3273 1
658 2
659 2
660 1
661 1
662 2
663 1
2731 6
4272 1
664 3
8814 3
6141 1
8815 1
3274 1
4273 1
8816 1
6142 3
7778 4
7418 4
9550 2
10916 3
10917 3
6633 3
4274 1
10009 1
8959 5
4275 1
3647 1
3275 3
10010 2
10011 2
9551 2
665 1
8411 6
6634 3
2732 1
666 3
9552 2
11788 5
7419 5
10012 5
10918 3
2733 1
667 1
6143 1
668 1
6144 3
6145 3
6146 3
10013 2
9553 4
669 3
6147 3
3276 1
3277 1
3278 1
3279 1
670 2
671 1
10919 3
2734 1
672 3
673 1
8817 3
3280 1
674 1
10014 2
675 2
676 2
677 3
6148 1
6149 1
8412 3
4276 1
6150 3
8818 3
10015 2
678 2
9554 4
10503 3
6151 5
10920 3
11789 3
6635 3
8819 3
3281 1
3282 6
679 3
680 3
12144 3
681 4
11357 3
3283 1
3284 1
3285 1
3286 1
3287 1
8413 5
6152 2
4918 1
11358 3
8414 3
8820 1
4277 3
4278 3
10016 2
682 2
8415 1
4919 1
3648 1
6153 1
683 3
8821 1
6154 1
684 1
9555 4
7420 4
685 2
686 3
10921 3
6933 2
6934 1
6636 3
687 3
10922 3
688 3
3649 1
689 3
6637 1
4279 1
8822 3
690 3
7421 5
691 2
9556 4
7422 5
6935 2
6155 1
692 3
6156 3
8823 1
8824 1
693 3
694 2
10017 2
9557 2
7423 5
10504 3
8416 6
11790 3
7424 1
6157 1
6158 1
11791 3
695 6
2735 1
8417 3
8825 3
3288 1
3289 1
3290 1
4280 1
3291 1
10018 2
9558 4
10923 6
6638 3
10019 1
2736 5
6159 1
11359 3
696 1
6160 1
10020 2
9559 5
11792 6
10924 3
697 3
698 3
11360 3
11361 3
699 4
4281 1
700 1
10021 2
701 2
702 2
6936 4
7779 2
8418 5
8419 6
703 1
704 1
8420 1
705 3
6639 6
8826 3
8827 3
6161 1
6162 1
4508 1
3292 1
7425 4
9560 2
6640 3
706 1
707 3
3650 3
708 2
709 2
710 1
8421 1
6641 1
10925 3
711 3
712 3
11793 1
3293 1
713 3
6163 1
714 1
11362 3
11794 5
715 3
2737 1
12069 1
716 2
11795 3
11796 3
10926 3
717 3
4282 1
7426 1
8828 3
7427 4
7428 5
3294 1
4920 1
718 2
719 4
10022 5
10023 1
720 5
8829 1
721 3
3651 1
3652 1
3295 1
3296 1
3297 1
9561 2
12070 5
8830 1
722 6
3653 1
723 1
10024 2
7429 4
10505 3
6642 3
7430 5
724 1
7431 4
10927 3
725 3
10025 1
726 6
2738 1
8831 3
10026 2
9562 2
727 3
728 3
6643 6
8832 1
10027 5
8422 3
11363 3
729 3
730 3
10028 2
10029 5
731 3
11797 3
732 3
733 3
8833 1
7432 4
734 3
8423 3
4921 1
9563 2
9564 4
10030 4
735 3
10506 3
6164 6
11798 3
10928 3
736 1
737 3
4283 6
738 2
739 2
7433 4
3845 1
740 1
741 3
742 1
9565 4
9566 2
2739 1
743 1
2740 1
3654 1
8834 1
744 3
10031 2
7434 4
9567 2
9568 2
6165 1
8424 3
745 1
3298 1
746 1
747 3
6166 3
8835 1
11184 1
3299 1
748 1
3300 1
9569 4
8425 1
749 2
2741 1
2742 1
750 1
5617 1
7435 4
751 3
752 3
10032 2
753 2
10929 5
6167 1
2743 1
6168 1
3655 1
8426 3
11364 3
754 3
4284 1
3301 1
3302 1
10033 2
755 3
6644 3
6645 3
756 1
11365 3
3303 4
757 2
7780 2
9570 2
11799 6
758 1
6646 3
759 1
12071 4
10034 2
10035 2
10036 2
10037 2
6647 3
6169 1
760 1
4285 1
8836 3
3656 3
8427 1
6170 1
10038 2
761 2
4286 1
3304 1
779 1
3305 1
7436 1
780 3
8837 1
4287 1
3306 1
3307 1
4288 1
781 1
7437 4
7438 5
782 1
6171 3
6172 1
783 2
11800 1
6648 3
6649 3
6650 3
6173 1
6174 1
11366 6
10039 2
9571 2
9572 2
784 5
7439 5
5371 6
785 1
10930 3
786 3
6175 1
11367 1
787 3
8428 1
9573 4
9574 4
9575 2
9576 2
6651 3
11801 5
3974 6
10931 3
6176 3
788 1
789 2
6177 6
11802 3
4922 1
4923 1
11368 1
8838 3
2744 1
790 1
9577 4
3657 3
6652 3
11369 3
3658 3
9578 4
791 2
792 2
7440 5
6937 5
6938 1
10932 3
11803 3
10040 5
793 3
794 6
8839 3
8840 1
6178 1
6179 1
795 1
3308 1
3309 1
10041 2
796 1
797 1
10933 3
4924 6
8841 3
12072 4
798 1
799 1
800 1
7441 4
10507 3
801 3
2745 1
6180 1
3310 6
8842 3
8843 3
802 2
10508 3
2746 6
4925 5
6653 3
803 3
804 3
8429 6
805 3
806 1
10042 2
807 2
7442 4
808 3
809 2
8430 6
6654 3
11370 5
2747 5
8844 1
3311 6
10043 2
810 1
7443 4
8431 4
811 2
2748 1
11371 3
11372 3
4289 1
4926 1
812 3
4927 2
813 2
7444 4
11804 6
2749 6
814 1
11805 3
3975 1
6181 1
3846 5
6182 1
815 3
2750 6
2751 6
6183 1
8432 1
3312 1
3313 1
816 1
10934 4
6184 4
3659 1
817 2
10044 2
10045 2
9579 4
10509 3
11806 3
7445 1
818 3
11373 6
3660 3
6185 3
6186 3
8433 1
3314 1
3315 1
10046 2
10047 2
819 2
9580 4
9581 4
820 6
821 1
7446 4
6655 3
6656 3
8845 1
6187 1
6657 3
11374 3
4928 1
822 3
7781 2
4290 4
1086 2
823 1
11609 5
6658 3
10935 3
2752 1
11375 5
6188 3
3661 3
3316 1
824 2
10048 2
825 2
9582 2
10510 3
10511 3
10512 3
11807 6
11808 3
11809 3
10513 3
10049 1
6189 1
3662 1
4291 1
826 3
7447 4
10050 2
6659 5
11376 1
11377 5
8846 1
8847 1
2753 1
9583 2
6190 5
827 1
10051 2
828 2
7448 4
6191 2
829 1
6192 5
6660 3
2754 1
6193 1
4292 1
830 3
7449 5
831 2
10052 2
4735 6
6194 1
8434 6
832 3
10514 3
2755 1
3663 3
7450 4
10936 4
9584 2
833 5
2756 1
10937 3
11810 3
6195 1
9585 4
9586 2
6661 3
6196 1
834 3
835 1
836 3
837 1
10938 1
10053 2
838 2
839 2
840 2
9587 4
11811 6
2757 1
6197 3
10054 2
9588 4
841 4
842 3
11812 3
6662 3
10939 3
10940 3
10515 3
843 3
4929 1
3664 1
844 3
6198 3
10055 2
6199 4
2758 1
6663 5
4293 1
3665 1
8848 1
8849 1
4294 1
6200 1
6939 2
845 2
6201 2
10056 5
8127 6
12073 5
6664 3
6202 1
10057 1
6203 1
846 1
4295 6
8182 1
8435 3
6204 1
6940 5
7782 2
7451 4
6205 4
9589 4
7783 2
10516 3
7452 5
8436 6
847 3
11378 5
4296 1
8850 3
8851 1
6941 5
10058 2
10059 2
7453 4
8437 6
848 3
2759 1
10060 1
849 5
2760 6
850 3
3317 1
851 1
8852 1
852 3
6206 3
8853 3
8854 3
853 3
854 2
9590 4
6665 3
8855 1
855 3
8856 3
3976 1
856 2
10941 5
11813 6
10061 4
6207 1
857 6
3666 3
6208 3
10062 2
8438 6
858 3
6666 5
2761 5
6667 5
8857 1
8439 3
8858 3
859 3
11379 3
2762 1
7202 1
10063 2
10064 2
9591 4
9592 4
6668 3
10942 3
4930 1
3667 1
6209 1
6210 3
860 3
4931 1
3318 1
861 2
10065 2
862 2
10066 2
9593 2
10943 3
10517 3
863 3
4932 1
864 3
865 3
4933 1
866 3
6211 3
6212 4
10067 2
7454 4
9594 4
7784 2
10518 3
11814 3
867 3
4934 1
8440 3
868 1
4297 1
10068 2
6213 6
869 3
10944 3
10945 3
10519 3
11380 5
870 4
10069 2
7455 4
10070 1
871 4
872 2
10071 2
873 3
874 1
6669 3
875 3
11381 3
876 1
3319 1
7785 2
7456 4
877 1
3847 1
9595 2
2763 5
10520 3
3668 3
8859 1
8860 3
9596 4
6214 4
6942 1
11815 3
6215 1
11816 3
2764 1
6216 1
878 1
3320 1
879 2
10072 2
880 2
10946 3
881 1
8861 3
11382 3
3321 1
882 1
883 1
6943 2
884 2
7457 4
9597 2
11817 1
11818 3
5155 1
5125 1
885 3
12074 4
6217 6
6944 6
10947 6
11819 3
886 3
11383 1
2765 1
3669 1
887 6
4298 1
3322 1
10073 2
888 3
10948 6
11820 5
889 3
6670 3
6218 1
4299 1
890 3
3670 1
4935 1
6219 3
8862 1
10074 2
7458 4
9598 2
6220 6
891 1
892 3
893 3
11384 1
8863 3
3323 1
7786 2
10075 2
9599 4
9600 4
894 1
895 3
896 3
6221 3
897 2
9601 6
9602 2
898 3
6671 3
6672 3
11821 3
899 3
900 3
6673 3
901 1
902 3
903 1
904 3
905 3
906 3
907 2
908 2
909 2
9603 4
9604 2
6674 3
910 3
3324 1
911 4
11822 4
11823 6
11824 3
11385 1
912 3
4300 1
6222 1
913 3
10949 3
12075 4
10950 3
10951 3
10521 3
2766 1
8441 6
8864 3
8865 3
914 3
915 3
916 2
6675 3
10952 3
10076 1
917 3
918 1
4301 5
9605 4
9606 6
11825 3
6676 3
6677 3
919 3
4302 1
4303 1
3325 1
4304 4
11610 2
9607 4
9608 2
10077 5
8442 6
8443 1
6223 1
3671 1
920 3
921 3
922 3
6224 4
10953 3
10954 3
6678 3
923 1
10078 1
924 3
8866 3
8867 1
7459 4
12076 4
4305 4
10079 2
7460 5
10522 3
8444 3
925 3
6225 1
926 3
11386 3
927 3
10080 2
10955 5
928 1
10956 1
10523 3
6226 6
8868 3
8869 3
6227 3
10081 2
929 2
10082 2
9609 4
10957 6
3326 1
7461 4
9610 2
9611 6
930 1
10524 3
10083 1
4306 4
7462 4
9612 4
931 6
6228 5
6679 3
932 3
8445 3
10084 2
10085 2
9613 2
9614 2
4936 1
2767 1
6680 5
933 3
6229 4
10086 2
10087 2
10088 2
934 2
6945 4
2768 5
8446 1
10958 3
10525 3
935 3
936 3
11387 3
937 3
938 3
939 1
940 1
10089 2
941 1
6230 5
942 3
2769 1
11388 6
943 2
10090 2
7787 2
944 6
6946 1
3672 1
3673 1
945 3
946 3
11826 6
4307 6
947 3
8447 3
948 2
6231 5
8870 6
7463 5
6947 5
949 3
950 3
951 3
7464 1
952 3
953 3
954 3
4308 3
10091 2
7465 4
955 3
956 3
4937 1
4309 1
957 6
6681 6
958 1
7788 2
9615 4
4938 1
11389 3
959 3
10092 1
8871 3
4310 4
6948 2
9616 2
7466 4
8448 1
7467 5
960 3
4939 1
4940 1
2770 1
6232 1
961 3
962 3
8872 3
963 3
8873 3
10093 2
11827 3
964 1
8128 6
8129 6
965 6
966 2
967 2
11390 3
968 3
4311 1
6949 5
6682 3
10526 3
3674 1
969 3
2771 6
970 3
971 2
972 3
12077 5
6950 2
10527 3
973 3
974 3
4708 5
6233 1
3675 1
4941 1
975 2
9617 4
6234 5
6235 6
8449 1
2772 6
2773 1
2774 1
8874 3
6236 4
10094 2
976 2
10095 2
10096 2
977 5
8450 6
10959 3
6683 3
10960 3
10961 3
6684 3
6685 3
978 3
6686 3
10097 4
979 2
10098 2
6951 2
7468 4
6687 3
6237 1
6238 1
2775 6
980 3
981 3
3676 3
982 3
10099 2
983 2
6239 5
11828 3
12078 6
4312 1
984 3
985 3
4313 1
9618 4
10100 2
7469 4
9619 4
12079 4
10962 6
986 1
987 1
10528 3
10529 3
2776 1
3677 1
6240 1
3678 1
3679 1
4942 1
10101 2
7470 4
9620 4
9621 2
11611 2
8130 6
10963 3
11829 3
6688 3
11830 3
10102 1
2777 1
11391 5
3680 3
988 3
989 3
990 3
4943 4
3848 5
8875 1
11392 6
11393 3
991 2
992 2
993 3
994 3
4314 1
995 2
7471 4
6241 1
3681 1
996 3
4315 1
12080 4
997 2
9622 4
998 3
6689 3
6690 3
10530 3
6242 1
999 3
1000 3
1001 3
1002 3
7472 5
4944 1
10103 2
1003 2
1004 2
10104 2
9623 4
9624 2
6952 5
1005 2
12081 4
1006 3
10964 3
1007 3
6691 1
3682 1
8451 3
1008 3
8876 3
7473 4
1009 2
10105 2
6953 4
10965 6
7474 5
6954 5
10966 3
11831 3
1010 3
2778 1
6692 5
6243 1
1011 6
6244 1
10967 1
10531 4
9625 2
1012 1
1013 1
11394 3
10106 2
11832 6
8452 1
10968 3
1014 3
8877 1
3683 1
1015 1
1016 1
1017 2
1018 2
1019 2
7475 4
10969 6
7203 6
6245 1
1020 3
1021 3
10107 6
3327 6
1022 3
7204 1
3328 1
1023 1
6246 4
7476 4
1024 2
1025 2
7477 4
3684 2
9626 2
10108 1
6247 1
8183 1
1026 2
10970 3
10971 5
1027 1
1028 3
4945 1
4316 1
1029 3
10972 6
7478 4
8453 6
10973 3
6693 3
1030 3
10532 3
2779 1
1031 5
1032 5
6248 1
6694 6
3685 3
6249 3
3329 1
6955 2
6956 2
1033 1
11395 1
4946 6
8878 3
6250 1
10109 2
1034 2
6695 3
11833 3
11834 3
4947 1
1035 1
8879 1
6696 6
1036 3
1037 3
1038 3
1039 3
1040 3
10110 4
3330 4
9627 4
1041 1
4317 1
2780 5
7634 5
6251 1
11396 3
6697 1
1042 1
6252 4
7479 4
1043 1
8454 6
10974 3
1044 3
1045 3
8880 3
8881 1
3686 1
1046 1
1047 1
6253 4
6957 2
1048 3
8455 6
11835 3
10975 3
10533 3
10111 2
1049 2
6254 4
2781 1
1050 1
3687 1
6255 1
3331 1
1051 1
10112 2
10534 3
7480 5
9628 6
1052 1
6958 5
11836 3
6256 1
11397 3
11398 3
6698 6
2782 6
10976 3
10535 3
4318 1
3849 1
1053 1
8456 3
1054 3
8882 3
8883 3
3332 1
6257 5
6258 4
10113 2
7481 4
1055 3
6699 3
6700 3
6259 1
4319 1
8884 3
1056 3
3333 1
10114 2
7482 4
8457 6
10977 3
11837 3
10536 3
1057 3
4948 1
2783 5
2784 5
11399 3
4320 1
1058 3
8885 3
11400 3
6260 1
6959 5
12082 5
6701 3
1059 1
1060 3
6702 1
6261 1
1061 3
1062 3
1063 2
1064 2
10978 3
10979 3
1065 3
8458 1
1066 1
1067 6
11401 6
8459 3
9629 4
9630 2
6703 5
1068 6
8886 1
2785 1
7483 4
10115 2
6960 5
4949 1
4321 1
2786 5
6262 1
1069 3
4950 6
3688 3
3689 1
8887 1
7484 4
10116 2
10980 3
1070 3
10537 3
12211 1
4951 1
1071 5
6263 1
6264 1
6265 1
1072 1
1073 3
4952 6
4322 1
1074 3
8460 3
1075 2
6961 5
10538 3
10981 6
6704 3
10982 3
1076 3
8888 1
8889 1
1077 1
11402 3
6705 6
11403 1
1078 1
6706 1
6962 5
6963 2
9631 4
11838 3
6707 3
1079 3
2787 5
6266 1
1080 1
10117 2
1081 2
1082 1
1083 2
8131 6
10983 6
6267 1
11839 3
10984 3
1087 3
1088 3
10985 3
2788 1
3690 1
6268 1
2789 6
1089 3
3691 3
6269 1
6270 1
3692 1
8890 1
1090 3
3334 1
6964 2
6965 5
6966 4
4509 1
8891 1
4323 1
1091 3
3693 1
7485 5
2790 1
10118 2
9632 6
6271 4
10986 3
10539 3
10540 3
6708 3
1092 3
1093 3
6709 3
4324 1
2791 5
2792 5
6272 1
1094 3
11404 3
4325 1
1095 3
6273 1
3335 1
1096 2
1097 2
1098 1
1099 1
1100 1
1101 1
9633 4
7789 2
7486 5
2793 1
3694 1
1102 1
1103 3
1104 3
4326 1
4327 1
3695 3
1105 4
3336 4
1106 1
9634 2
1107 3
6274 1
1108 6
1109 3
3337 1
3338 1
1110 2
10119 2
10120 2
1111 2
11612 1
6967 5
7790 2
9635 2
11840 6
3696 3
1112 3
10987 3
11841 3
6710 3
3697 1
4328 1
8892 1
3339 1
5372 1
11842 3
11843 3
6711 3
1113 3
1114 3
1115 1
3698 1
3340 1
10541 6
7487 5
1116 1
11405 1
1117 6
1118 1
10121 2
1119 2
6968 4
1120 1
8893 6
9636 6
11406 1
1121 1
3699 1
8894 3
8895 1
3341 1
1122 1
1123 2
10122 2
10123 2
6969 2
10988 3
10542 3
1124 3
2794 1
6275 1
1125 1
3850 1
11407 1
10124 2
1126 4
6276 6
7488 4
1127 1
3700 1
1128 3
1129 3
1130 3
1131 4
10125 2
10126 2
4329 2
9637 2
7791 2
7792 2
7793 2
1132 4
11844 3
6712 3
2795 1
2796 1
1133 3
11845 6
1134 3
3342 1
10127 2
1135 2
1136 2
1137 2
1138 1
6277 6
7489 5
10989 3
1139 3
6278 1
6279 1
1140 3
3701 3
1141 4
7490 4
6970 2
1142 2
12083 5
10990 6
6971 3
1143 1
11846 3
11408 1
4330 1
3702 3
1144 3
6280 1
3703 1
1145 2
1146 2
4331 4
7491 4
7492 4
1147 6
7493 4
8896 1
2797 6
1148 3
8897 3
1149 3
1150 2
10128 2
1151 2
1152 2
6972 5
9638 2
9639 2
10543 3
1153 5
1154 3
4332 1
11409 5
6281 1
1155 1
1156 3
2798 1
4038 2
7494 4
10991 4
8461 6
10992 3
1157 3
1158 3
8898 1
8899 1
8900 1
4333 3
1159 1
1160 4
10129 2
7495 4
7496 4
1161 2
11847 3
6713 3
10993 3
6282 1
1162 3
8901 3
1163 3
8902 3
1164 3
1165 1
7205 1
7794 2
1166 2
1167 2
1168 2
1169 3
10994 3
4334 1
2799 1
4953 1
6283 1
6284 1
8462 3
1170 3
6285 3
1171 4
1172 2
9640 4
8463 6
8464 6
4335 1
10130 1
8465 1
2800 6
8903 1
8904 1
4709 1
1173 1
1174 2
10131 2
10132 2
6973 2
1175 2
6974 5
6975 2
9641 2
8905 6
6286 6
11410 5
1176 5
3343 1
9642 2
1177 3
4954 6
1178 3
6287 1
1179 2
7795 2
1180 2
7497 5
6714 3
11848 3
10995 3
1181 3
6288 1
3704 1
1182 3
4336 1
12084 4
6976 2
1183 2
1184 2
1185 2
1186 2
1187 2
1188 2
1189 4
7498 4
7499 4
9643 2
6977 2
7500 5
10133 1
3705 1
1190 3
1191 1
1192 2
10134 2
8466 1
1193 3
3851 1
11411 3
3344 1
1194 2
6978 2
9644 4
1195 2
1196 2
7501 5
12085 4
1197 3
1198 3
3706 1
11849 1
2801 6
4337 1
4338 1
4339 1
8467 1
10135 2
10136 2
1199 1
7502 5
10996 3
2802 1
10137 1
3345 1
1200 4
1201 4
1202 2
9645 4
9646 4
6979 5
11613 5
6980 2
6981 2
7796 2
8468 6
11850 3
1203 3
2803 1
1204 5
11412 3
1205 3
6715 5
8906 3
1206 1
7503 4
1207 2
10138 2
1208 2
10139 2
1209 2
9647 2
8469 4
1210 3
11851 3
1211 3
1212 3
10997 3
10544 3
1213 1
8907 3
6289 1
3346 1
1214 4
10140 2
10141 2
6982 5
1215 2
11852 3
6716 3
4955 1
2804 1
4340 1
1216 1
10142 4
8908 1
10143 1
2805 1
1217 3
1218 3
11413 3
6983 1
1219 2
1220 3
2806 6
1221 6
1222 3
8470 3
6290 1
8909 1
5042 1
6984 2
1223 2
10144 2
1224 2
6291 6
6292 1
12086 4
10998 3
6717 3
1225 3
8910 3
6293 3
1226 2
1227 2
1228 2
9648 4
1229 1
6985 2
1230 1
4341 1
3707 3
8471 3
1231 3
1232 2
1233 2
1234 2
1235 2
8472 5
10999 3
11000 3
11001 3
10545 3
10546 3
1236 5
2807 5
1237 5
6294 1
1238 2
1239 1
6986 5
11853 3
4342 1
4343 1
2808 5
11414 3
1240 3
1241 3
10145 4
6987 2
10146 2
1242 4
6988 5
6989 5
8473 4
11854 3
11855 3
11856 3
6718 3
11002 3
10547 3
1243 3
10548 3
3708 3
6295 4
1244 2
1245 2
1246 4
1247 2
1248 2
6990 2
6991 5
9649 4
12087 5
7504 4
4344 1
3709 1
1249 3
1250 2
8474 1
6296 1
3710 1
1251 1
1252 1
1253 1
1254 3
6297 3
3347 1
3348 1
3349 1
1255 2
1256 2
1257 2
6298 6
6992 6
11857 3
1258 3
6719 3
1259 3
1260 1
4345 1
1261 3
8911 1
1262 2
1263 5
1264 1
8475 6
6299 4
4346 6
1265 1
6300 6
11003 3
1266 3
10549 3
1267 3
8132 1
6993 1
2809 1
1268 1
6301 1
1269 3
1270 3
11415 3
3711 3
6720 1
7710 4
6994 6
1271 2
1272 5
1273 3
4347 1
6302 1
1274 3
4348 1
7505 4
9650 4
6995 4
8476 6
11858 3
4956 1
1275 1
8912 3
8477 3
8913 1
1276 1
1277 1
10147 2
1278 2
1279 2
10148 2
1280 2
1281 2
1282 1
1283 1
8478 6
8479 6
6721 3
6722 5
6303 1
11416 1
3712 3
1284 2
11004 5
8480 1
1285 5
2810 5
7506 1
8960 5
8914 1
1286 3
4349 1
1287 3
2811 1
1288 2
1289 2
9651 2
11859 6
6304 6
6305 1
1290 1
1291 3
2812 6
12088 6
4350 1
4351 1
1292 3
3713 1
11417 3
7797 2
1293 2
10149 2
10150 2
1294 2
1295 2
9652 2
11860 3
11005 3
11861 3
1296 1
8481 3
8915 3
1297 3
3714 1
11418 3
1298 2
10151 2
10152 2
10153 2
7507 4
1299 2
10154 5
1300 3
11006 6
10550 3
4352 1
1301 1
4957 5
8482 3
1302 3
1303 3
1304 6
4353 1
10155 2
9653 4
7798 4
6306 5
7508 5
1305 3
6723 3
1306 3
1307 3
11419 3
1308 6
1309 3
8483 3
7509 4
11420 3
11614 4
6996 4
1310 2
1311 2
4958 6
1312 1
2813 5
1313 1
1314 2
1315 2
1316 2
9654 4
9655 2
7799 2
11862 1
10551 3
6724 3
6725 3
6726 3
11007 3
1317 3
11863 3
11864 3
10552 3
7510 6
4354 1
5098 1
1318 3
8484 3
8485 1
1319 3
10553 3
1320 3
4959 1
7511 1
1321 3
4355 1
1322 3
3350 1
1323 4
1324 2
11865 3
11008 3
6307 1
1325 1
7512 1
6308 1
1326 3
1327 3
11866 3
1328 3
1329 3
1330 4
6309 6
8133 5
7513 5
11867 3
1331 3
1332 3
11009 3
10554 3
1333 3
7514 1
6310 1
5006 3
4356 1
4357 1
4358 1
4359 1
4360 1
4361 1
4362 1
1334 3
8916 1
8917 1
10156 2
6997 5
9656 2
11010 3
11421 3
1335 6
1336 2
10157 2
9657 5
1337 2
1338 2
7800 2
4363 1
2814 6
8486 3
6311 3
3715 1
6998 2
1339 2
1340 2
10158 2
1341 2
11868 6
11011 3
10555 3
6727 3
6312 1
1342 3
4364 1
2815 1
1343 1
1344 2
10159 2
10160 2
9658 4
6313 2
1345 2
10161 5
11869 5
1346 6
11870 6
6728 3
1347 3
4365 1
6314 1
8918 1
1348 1
1349 6
1350 3
3351 1
1351 4
10162 2
12089 5
11871 6
11872 6
1352 5
11012 3
11013 3
1353 3
1354 3
1355 1
1356 1
3716 1
11422 3
3717 3
1357 3
1358 2
10163 2
9659 4
6999 4
1359 1
7000 5
8487 5
8488 6
9660 6
6729 3
1360 3
1361 1
6315 1
11423 3
1362 3
7001 2
7002 2
1363 2
10164 2
1364 2
7515 4
7801 2
6316 1
11014 3
11015 3
6317 1
3718 1
8919 3
1365 3
1366 3
3352 1
1367 2
1368 2
10165 2
1369 2
1370 2
9661 4
1371 1
7003 4
1372 2
6318 4
1373 3
10556 3
10557 3
10558 3
1374 3
1375 1
7516 1
1376 1
1377 1
3719 1
1378 1
7517 4
1379 2
10166 2
1380 2
7802 2
10167 5
8489 1
1381 3
11424 3
4366 1
1382 3
8490 3
1383 3
1384 1
1385 1
1386 2
9662 2
7803 2
4510 6
1387 3
10559 3
4367 1
2816 1
1388 3
1389 3
8491 3
7518 4
1390 2
7004 1
9663 2
1391 6
8492 4
11873 3
1392 3
6730 5
6319 1
1393 1
1394 3
1395 3
1396 3
8920 1
1397 2
1398 4
9664 4
1399 2
7804 2
1400 2
1401 2
4368 2
4369 3
2817 6
8493 1
8494 6
6731 3
1402 3
1403 3
1404 3
1405 3
4370 1
6320 1
8495 3
1406 3
1407 1
1408 4
1409 2
9665 4
7005 2
9666 2
1410 3
11874 3
6732 3
6733 3
1411 3
1412 3
11875 3
1413 3
1414 5
4960 1
4961 1
1415 3
1416 3
3720 1
3353 1
7519 4
1417 2
1418 2
1419 1
1420 2
1421 2
1422 2
12090 4
6321 1
8496 3
1423 1
8497 5
1424 2
12091 4
11016 3
10168 1
3354 6
1425 1
7006 4
7007 2
1426 2
1427 2
1428 2
1429 2
1430 2
11615 5
9667 4
1431 1
7805 2
1432 2
11876 5
11877 6
2818 1
6322 1
6323 1
1433 1
1434 3
11425 3
1435 3
8921 3
1436 1
10169 2
7008 5
1437 2
9668 4
8498 1
11017 3
1438 3
1439 3
1440 3
1441 1
1442 3
1443 3
1444 3
1445 6
8922 3
10170 2
9669 4
1446 2
1447 2
9670 2
9671 2
12092 5
1448 1
6324 1
1449 3
1450 3
6325 3
8923 3
7520 4
7009 2
1451 2
1452 2
9672 4
7010 1
1453 2
9673 2
8499 1
1454 5
8924 1
1455 3
11426 1
1456 1
6326 3
1457 1
1458 1
3355 1
7521 4
1459 2
1460 1
7522 4
9674 2
1461 2
2819 1
6327 1
6328 1
1462 3
7011 1
8925 1
4371 1
1463 1
7523 4
1464 4
1465 2
8500 5
7524 5
11018 3
1466 3
11019 3
11020 3
6329 1
6330 1
1467 3
1468 3
1469 1
10171 2
10172 5
1470 6
8501 5
10560 3
4372 1
1471 1
1472 2
6331 1
6332 3
1473 4
1474 2
1475 2
1476 2
1477 2
7012 2
11878 1
7525 5
6333 5
1478 3
8502 1
6334 1
1479 3
1480 3
1481 3
8503 3
7013 4
9675 4
9676 2
7014 2
7806 2
1482 2
11879 5
1483 3
6734 3
1484 3
8926 1
2820 1
1485 2
10561 3
11021 6
1486 5
11880 3
11022 3
10562 3
4373 1
8134 1
1487 1
1488 1
1489 6
1490 3
6335 1
1491 2
1492 2
9677 2
11023 5
9678 6
9679 6
1493 1
2821 5
3721 1
11427 3
1494 3
11428 3
6336 3
8927 1
1495 1
1496 2
9680 4
1497 2
9681 2
1498 2
8135 5
6735 3
6736 3
6737 3
6337 1
1499 1
1500 3
1501 3
4374 1
3356 1
1502 1
1503 4
9682 2
7015 2
10173 2
1504 2
9683 4
7016 4
7807 2
8504 6
1505 3
1506 3
11024 3
5618 1
8928 1
1507 3
1508 3
2822 1
7017 4
10174 2
10175 2
1509 2
7808 2
7809 2
11881 3
11882 3
11883 3
10563 3
12093 1
1510 1
8929 1
4375 1
1511 3
7526 5
2823 1
1512 2
10176 2
10177 2
1513 2
10564 3
11884 3
11885 1
6338 1
8930 3
8931 3
1514 3
8932 1
1515 1
1516 1
9684 4
1517 1
7810 2
7811 2
11025 6
1518 3
1519 3
1520 3
11886 3
10565 3
4962 1
7711 1
1521 1
1522 1
1523 1
1524 6
4376 1
1525 3
7625 1
2824 1
1526 1
1527 2
1528 2
1529 2
1530 2
7527 5
10178 5
1531 3
6738 3
2825 1
2826 1
8933 1
6339 1
6739 6
1532 2
1533 2
7812 2
1534 3
6340 1
1535 3
2827 6
1536 3
12094 2
9685 2
1537 2
1538 2
9686 2
11887 6
9687 6
11888 3
6740 3
1539 3
10566 3
10567 3
4377 1
1540 1
1541 1
2828 6
1542 6
1543 3
1544 3
1545 3
8505 1
3357 1
7813 2
1546 1
1547 1
1548 2
8506 6
6741 3
11026 3
11027 3
1549 3
1550 3
2829 1
4378 1
6742 6
1551 3
6341 1
1552 2
1553 2
1554 2
9688 4
1555 1
5619 1
4379 1
11429 3
6743 6
8507 3
6342 1
2830 1
4380 1
1556 4
7018 2
1557 2
7814 2
8136 5
11028 3
1558 1
6343 1
1559 3
2831 6
1560 3
1561 3
1562 3
1563 3
1564 4
1565 2
7815 2
6344 6
1566 3
4381 1
2832 5
8934 1
1567 1
1568 1
11430 3
1569 4
9689 2
1570 2
1571 2
7816 2
6744 3
10568 3
10569 3
10179 1
2833 1
2834 1
6345 1
8508 3
1572 6
11431 6
8935 1
2835 1
12095 4
1573 2
1574 2
8243 5
7019 4
3852 4
1575 2
7020 2
6346 5
6745 3
11029 3
11889 3
11890 3
11891 3
6746 3
4382 1
2836 1
1576 3
7021 2
1577 2
1578 2
1579 2
11030 5
11892 3
11893 3
10570 3
10571 3
1580 1
1581 6
1582 3
1583 4
7022 2
7817 2
1584 2
1585 1
6347 2
7528 5
1586 3
10572 3
1587 3
10573 3
1588 3
1589 3
5620 1
6348 1
7529 6
1590 1
8509 6
1591 3
9690 4
1592 2
9691 2
7818 2
8510 6
8511 1
8512 1
6747 3
1593 3
1594 1
8513 3
2837 6
4383 1
1595 3
11432 1
1596 1
1597 4
7023 2
10180 2
1598 2
1599 1
7024 2
1600 2
1601 2
1602 2
7530 5
1603 3
11894 3
5621 1
4963 1
1604 1
11433 3
6349 1
3358 1
1605 4
7025 2
10181 2
7026 5
7819 2
7820 2
7821 2
7822 2
1606 5
11895 6
7531 5
8514 5
1607 5
2838 1
6350 1
11434 3
1608 6
1609 3
8515 3
2839 1
7027 2
1610 2
1611 2
1612 2
7532 4
11896 2
11031 6
11032 3
10574 3
10575 3
1613 3
6748 3
2840 1
2841 1
6351 1
1614 1
1615 1
6352 1
7206 1
1616 4
1617 2
7028 5
7029 2
1618 2
9692 2
8516 1
1619 3
1620 3
11435 3
8517 3
8518 1
1621 1
1622 1
12096 4
1623 2
9693 4
7823 2
7030 4
1624 1
7533 5
9694 6
2842 1
8936 1
4384 1
1625 3
1626 2
1627 2
11033 5
11034 5
6749 3
6750 3
1628 3
5129 5
6353 1
6354 1
11436 3
8519 3
4385 6
1629 3
1630 3
1631 1
4386 1
11035 4
1632 2
11616 5
7031 5
1633 1
1634 4
1635 2
1636 2
7824 2
1637 5
1638 5
6355 5
4964 1
2843 6
1639 3
1640 3
11437 3
6356 1
1641 2
1642 1
1643 2
11617 1
7534 4
10576 3
1644 3
1645 3
10577 3
12183 3
10578 3
2844 6
4387 1
4965 1
7825 2
1646 2
1647 2
1648 1
7032 5
9695 2
7826 2
11036 6
1649 3
4388 1
4389 1
11438 3
11439 3
11897 3
12097 4
9696 4
7033 4
7827 2
11898 5
8520 1
8521 6
1650 3
11899 3
1651 3
11900 3
11901 3
6751 3
1652 3
1653 3
6752 3
1654 3
10579 3
1655 3
6753 5
6357 1
3722 3
6358 5
1656 2
1657 2
1658 2
1659 1
1660 2
7828 2
8522 1
10580 3
11902 3
11037 3
6754 3
1661 3
1662 3
10182 1
1663 5
8523 3
7535 5
1664 1
1665 4
7034 2
1666 2
9697 4
7035 1
1667 1
1668 2
11903 5
11904 3
8937 1
1669 6
1670 1
1671 3
7536 4
2845 1
1672 2
12098 4
1673 2
1674 3
6359 6
8524 1
1675 3
1676 3
1677 3
1678 3
12099 4
1679 1
4966 1
1680 1
1681 2
1682 4
1683 1
7036 5
7037 5
1684 3
6755 3
11038 3
1685 3
11039 3
1686 3
1687 3
12100 5
7038 1
4390 1
4391 1
1688 3
6360 3
7537 4
7039 4
9698 2
7829 2
7040 2
1689 3
1690 3
1691 3
6361 1
2846 6
8938 3
1692 3
6362 1
6363 5
1693 2
6364 4
1694 2
1695 2
7041 1
1696 1
1697 3
7538 5
6365 6
2847 1
1698 1
6366 1
11440 3
1699 6
1700 1
6367 1
2848 1
2849 4
1701 4
7539 4
7830 2
6756 3
10581 3
1702 3
1703 3
6757 3
6758 3
1704 1
6368 1
7042 4
1705 2
1706 2
1707 2
7043 2
7044 2
11905 3
1708 3
1709 3
1710 3
10582 3
2850 1
6369 1
11441 3
1711 6
1712 1
7540 4
11618 2
1713 5
1714 1
9699 2
8525 1
8526 6
10183 1
6370 1
1715 3
1716 3
7045 4
1717 2
8527 6
1718 3
6371 5
1719 3
4392 1
6372 1
1720 3
1721 3
1722 1
7046 2
1723 6
1724 2
7831 2
8528 6
1725 3
1726 6
7541 6
11442 3
1727 1
1728 1
1729 1
7047 5
7542 4
9700 2
9701 4
7832 2
11906 3
1730 3
4393 1
8529 1
1731 6
1732 3
1733 3
1734 3
1735 2
1736 2
11907 6
11908 3
6759 3
6760 3
1737 3
11040 3
1738 3
11041 3
11909 3
11910 3
11911 3
10583 3
10584 3
1739 3
1740 3
1741 3
1742 3
1743 3
11443 3
1744 6
4394 4
7048 1
8530 3
1745 1
7543 4
1746 2
7049 5
4511 6
11912 3
1747 1
1748 3
6373 1
1749 6
6761 3
1750 3
1751 3
6762 3
11913 3
11914 3
11915 3
10585 3
10586 3
4395 6
1752 3
8531 1
1753 4
1754 2
1755 2
1756 2
9702 2
9703 2
1757 3
11916 6
1758 3
11917 3
11042 3
1759 3
10587 3
1760 3
7833 2
7544 5
8532 5
6763 3
1761 3
4967 1
2851 1
3359 3
7545 5
7546 4
1762 2
7050 4
7051 5
1763 2
7834 2
8533 1
2852 1
11444 3
1764 3
4396 6
1765 3
1766 3
4397 1
1767 2
1768 2
1769 2
1770 2
7835 2
12153 2
8534 6
6764 3
6765 3
6766 3
1771 3
11918 3
11919 3
1772 3
10588 3
1773 3
6767 3
1774 3
10589 3
1775 1
8535 3
11445 3
1776 2
1777 2
9704 4
9705 4
1778 2
8536 5
8537 5
6768 3
6769 3
11043 3
1779 3
1780 3
1781 3
10590 3
4968 1
1782 1
6374 1
3360 1
3824 2
9706 2
9707 2
1783 2
9708 2
7052 2
1784 2
6375 1
8538 6
8539 5
1785 3
2853 1
7547 4
7548 4
7549 4
7053 4
1786 1
7054 4
12154 2
1787 5
11920 5
8540 5
8541 6
6770 3
1788 3
11921 1
7055 4
1789 1
6376 1
1790 3
1791 1
1792 3
1793 3
1794 3
1795 3
1796 1
1797 2
1798 2
7836 2
7056 2
11044 6
6771 3
1799 3
11922 3
1800 3
1801 1
11923 5
6377 1
11446 3
1802 1
7550 4
7057 2
1803 2
9709 4
1804 2
1805 2
6378 5
8542 6
9710 6
11924 3
11925 3
1806 3
10591 3
6772 3
1807 1
8543 3
8544 3
11447 3
8545 3
1808 3
6379 1
1809 1
1810 2
9711 4
1811 1
1812 1
1813 2
8546 2
11045 6
11926 1
10592 3
1814 3
1815 3
2854 1
1816 1
1817 3
1818 3
1819 3
1820 2
6380 2
1821 2
11927 3
1822 3
1823 3
1824 3
1825 3
4398 1
11448 3
1826 3
1827 2
1828 2
7058 5
7837 2
7838 2
6773 3
11928 3
1829 3
11449 1
1830 1
7059 2
1831 2
1832 2
7839 2
7551 4
1833 2
8547 3
8548 1
1834 3
1835 3
11929 3
11046 3
2855 5
8549 3
8550 3
1836 1
10184 2
1837 2
1838 2
1839 2
4399 1
2856 1
2857 1
8551 1
1840 2
7060 5
1841 2
1842 2
1843 2
7840 2
7841 2
6381 5
8552 5
11930 3
1844 3
11931 3
11932 3
1845 3
11933 3
1846 1
1847 6
1848 3
1849 3
1850 3
1851 2
1852 2
1853 2
7061 4
1854 1
1855 2
1856 2
6382 5
8553 1
7552 4
8554 6
6774 3
10593 3
6775 3
1857 3
1858 3
7635 1
12101 4
1859 1
6383 1
11450 3
8555 3
1860 1
1861 1
1862 2
1863 2
1864 2
9712 4
1865 2
7062 2
7842 2
7553 5
8556 6
11934 3
1866 3
4969 1
1867 1
11047 5
1868 3
1869 1
7843 2
7844 2
7845 2
11935 5
8557 1
6776 3
1870 3
11048 3
10594 3
10595 3
1871 1
6384 1
1872 3
1873 1
6385 4
1874 2
1875 2
1876 2
7063 4
1877 2
11619 1
7846 2
7847 2
7848 2
7849 2
4970 6
10596 3
6777 3
6386 1
2858 6
4400 1
1878 3
1879 2
12102 5
8558 5
8559 5
11936 1
8560 1
1880 3
1881 3
11937 3
4971 1
1882 1
6387 1
1883 6
1884 3
8561 3
1885 3
8562 4
1886 2
9713 4
7850 2
11938 3
1887 4
8137 5
1888 3
4401 1
1889 1
1890 1
1891 2
1892 2
1893 2
8563 5
6388 6
1894 5
6389 1
1895 3
6390 5
7554 4
7555 4
1896 2
7851 2
7852 2
7853 2
11939 3
1897 3
11049 3
11940 3
6391 1
6392 1
6393 1
11451 3
1898 3
1899 1
1900 2
1901 2
1902 2
1903 1
1904 2
1905 1
7854 2
1906 2
7855 2
7556 5
8564 1
8565 5
10597 3
1907 3
1908 3
7557 4
7064 2
1909 4
8566 4
1910 2
1911 2
8567 6
1912 3
10598 3
10599 3
1913 3
10600 3
10601 3
4972 1
1914 1
6394 1
11452 3
4973 1
1915 3
1916 3
11453 3
1917 4
1918 2
11941 3
11942 3
11943 3
1919 3
1920 3
10185 1
1921 1
1922 1
11454 3
1923 1
1924 2
7558 4
11944 2
1925 3
1926 3
1927 3
1928 1
1929 3
8568 1
7065 2
8569 6
7559 5
8570 6
1930 3
1931 3
1932 3
7066 1
1933 1
8571 6
1934 3
1935 3
11455 3
1936 2
1937 2
1938 5
8572 4
1939 2
1940 2
7856 2
7560 5
11050 5
1941 3
1942 3
1943 3
6395 1
1944 1
7067 1
7068 5
7857 2
1945 3
6396 6
8573 6
12103 1
11945 1
4402 6
6397 5
1946 2
7858 2
7859 2
1947 3
11051 3
10602 3
10603 3
1948 3
1949 1
1950 3
8574 4
1951 2
1952 2
8575 6
7561 4
11946 3
1953 3
1954 3
1955 1
8576 6
1956 3
1957 2
1958 2
1959 2
1960 2
7069 4
7860 2
1961 2
8577 6
11947 1
7562 5
8578 6
8579 6
1962 3
1963 1
1964 3
1965 1
1966 1
6398 4
8197 5
7563 4
1967 2
1968 1
1969 2
8580 6
11052 3
1970 3
11948 3
4403 1
6399 1
1971 1
4974 6
1972 3
8581 3
1973 2
1974 2
1975 2
1976 3
8582 5
11053 5
10604 3
1977 5
3786 6
1978 3
1979 3
8583 1
11620 2
7861 2
8584 1
8585 1
1980 3
1981 3
8586 1
8587 1
1982 2
1983 2
8588 6
1984 3
1985 3
1986 1
8589 6
1987 3
1988 3
1989 3
1990 2
1991 2
1992 5
11054 6
11949 1
11055 3
1993 3
1994 1
1995 1
1996 3
1997 1
7070 2
1998 2
1999 2
7862 2
2000 2
8590 6
8591 6
2001 3
2002 3
2003 3
2004 3
2859 1
8592 3
2005 3
7071 1
2006 3
2007 3
2008 3
7207 1
8593 1
8594 1
7072 4
2009 2
2010 2
2011 1
2012 2
7863 2
8595 6
8596 5
2013 1
2014 3
2015 3
6400 5
7564 4
7565 4
7864 2
7865 2
2016 1
2017 2
9714 4
2018 2
7866 2
8597 5
6778 3
4975 1
6401 1
2019 1
4404 1
8598 3
8599 1
2020 4
7867 2
2021 2
6779 3
11056 3
11057 3
2022 3
2023 1
2024 5
11456 3
11457 1
2025 6
2026 6
2027 3
7745 3
2028 3
8600 3
7073 5
7868 2
8601 1
8602 6
8603 6
10605 3
2029 6
2030 6
2031 3
2032 2
2033 2
2034 2
2035 2
9715 4
7074 5
2036 2
9716 2
8604 6
2037 1
2038 1
6402 1
2039 6
2040 3
2041 3
8605 3
10606 4
7566 4
2042 2
2043 1
2044 1
7869 2
11950 6
11951 3
2045 3
2046 3
2047 3
6780 3
11952 3
2048 3
10607 3
10608 3
10609 3
10610 3
2049 3
6403 1
11458 3
2050 3
2051 3
8606 1
4976 1
7567 4
11953 6
2052 1
11954 5
4977 6
7746 3
2053 3
2054 1
4405 1
2055 1
12155 2
7870 2
6404 4
6405 6
8607 5
4978 6
2056 3
2057 3
2058 3
6406 5
7871 2
7872 2
7873 2
7874 2
11955 6
6407 6
8608 6
11956 3
2059 3
11957 3
4979 3
2060 3
11459 3
2061 6
2062 3
2063 1
2064 1
2065 1
2066 2
2067 2
7075 5
9717 4
2068 2
12156 2
11656 2
7875 2
6408 1
2069 3
2070 3
2071 4
2072 3
10611 3
4980 1
2073 3
2074 3
8609 3
4406 1
9718 4
2075 2
8610 5
7568 4
7876 2
7877 2
7878 2
7879 2
7880 2
7881 2
6409 4
2076 5
2077 1
6410 3
6411 1
2078 3
2079 1
7882 2
7883 2
8611 6
11958 1
7569 5
8612 6
7076 1
8613 1
2080 5
2081 6
2082 3
2083 3
2084 3
2085 3
8614 3
2086 2
2087 2
2088 1
2089 2
7884 2
7885 2
7886 2
2090 2
6412 5
11058 3
10612 3
2091 1
6413 1
6414 1
2092 1
2093 3
2094 3
2095 3
11460 3
2096 1
10613 4
7887 2
2097 2
8615 1
8616 5
11059 3
2098 3
2099 1
6415 1
6416 1
2100 3
2101 2
2102 2
2103 2
12157 2
2104 3
2105 3
11060 3
10614 3
2106 3
2107 3
2108 1
2109 3
6417 1
2110 3
6418 5
7570 4
2111 2
7888 4
7077 4
7078 5
2112 2
2113 2
2114 2
7889 2
7890 2
2115 3
10615 3
2116 3
2117 3
2118 1
6419 1
6420 1
11461 3
2119 2
2120 2
7079 5
7080 5
2121 3
2122 3
11061 3
11959 3
2123 3
5622 1
11462 3
4981 6
6421 3
6422 1
6423 1
8617 1
7081 2
2124 2
7891 2
7892 2
6781 3
2125 1
7082 1
2126 1
11463 3
2127 3
7571 4
2128 2
7083 4
2129 1
7084 2
2130 2
8618 5
2131 3
2132 1
7085 2
10186 2
2133 2
2134 2
7086 1
7893 2
2135 2
2136 3
2137 3
7087 5
2138 3
8619 1
11464 3
2139 3
2140 3
2141 3
8620 1
2142 2
2143 2
7088 4
2144 2
7089 5
7894 2
7895 2
2145 3
2146 3
11062 3
11465 3
2147 1
7572 4
6424 4
7090 2
2148 2
7091 2
7092 5
2149 1
11657 2
2150 3
2151 6
2152 5
2153 3
10616 3
7093 1
4407 1
2154 3
2155 3
8621 1
12104 4
6425 5
2156 4
7896 2
7897 2
7094 2
2157 2
2158 2
2159 1
2160 2
7898 2
7899 2
11063 6
6426 6
2161 3
11064 3
2162 3
2163 3
2164 3
2165 1
2166 6
2167 1
8622 1
2168 2
7095 4
6427 4
7096 5
2169 1
2170 3
2171 3
11960 3
11065 3
7097 1
2172 1
6428 1
2173 1
6429 1
8623 6
4982 1
7098 2
2174 2
2175 2
7099 4
7100 1
7101 5
2176 2
9719 2
7900 2
2177 6
8624 6
2178 1
2179 3
11466 3
11467 3
2180 3
10187 2
7102 2
7103 2
2181 1
7104 4
7901 2
11066 5
8625 6
10617 3
11961 3
2182 1
6430 1
11468 3
11469 3
2183 3
7105 4
2184 2
7902 2
2185 2
2186 3
2187 3
4983 1
2188 1
2189 6
8626 3
2190 1
2191 1
2192 1
7106 5
7903 2
12158 2
9720 2
2193 3
11067 5
11068 3
2194 3
4984 1
2195 3
2196 3
2197 3
7107 2
2198 2
2199 2
7904 4
7108 4
7109 4
2200 1
7905 2
7906 2
7907 2
2201 3
2202 1
6431 1
11470 3
2203 6
2204 3
2205 3
2206 3
2207 3
2208 2
2209 2
2210 1
7110 5
2211 2
2212 2
7908 2
7909 2
6432 4
2213 3
2214 3
11962 3
11471 5
2215 6
2216 3
2217 3
2218 1
8627 3
2219 1
12105 4
2220 2
2221 2
11069 2
11621 5
7910 2
7911 2
7912 2
7913 2
7914 2
2222 5
11963 5
8628 5
11964 3
10618 3
10619 3
2223 3
2224 6
2225 3
7915 2
7916 2
7917 4
2226 1
7918 2
7919 2
11070 3
2227 3
11965 3
11071 3
11072 3
2228 3
4985 1
2229 5
2230 3
2231 6
7920 6
2232 3
2233 3
2234 3
4986 1
2235 4
2236 2
2237 2
2238 2
7921 2
9721 2
7922 2
7923 2
7924 2
7925 2
12106 5
2239 3
2240 3
4987 1
2241 3
2242 3
8629 3
2243 1
2244 4
2245 2
2246 2
2247 2
12107 5
8630 6
2248 3
2249 3
11966 3
2250 3
2251 1
8631 1
8632 1
2252 3
2253 2
2254 2
2255 2
2256 2
2257 2
2258 2
7926 2
4988 6
8633 5
2259 5
8634 6
10620 3
10621 3
2260 3
2261 3
2262 3
11472 3
2263 3
2264 3
7111 4
12108 4
2265 2
2266 2
2267 2
2268 2
2269 2
2270 2
7927 2
2271 1
7112 6
2272 1
2273 5
11473 3
8635 3
7113 1
2274 2
2275 2
2276 2
7114 5
2277 6
6433 4
2278 1
11967 3
11968 3
2279 3
8636 3
11474 3
8637 3
2280 1
2281 1
11622 2
2282 2
2283 2
2284 2
2285 2
2286 2
2287 2
2288 2
2289 2
7115 5
7116 4
7928 2
7929 2
2290 2
9722 2
7930 2
7931 2
2291 2
2292 6
2293 3
2294 3
2295 3
2296 3
2297 3
2298 3
7117 4
7118 2
2299 2
2300 2
2301 2
2302 2
11623 5
7932 2
10188 1
11073 3
11074 3
2303 5
11475 3
2304 3
2305 3
2306 2
7119 4
2307 2
9723 2
11969 3
11476 5
4989 1
2308 3
2309 3
2310 1
8638 3
12109 4
7120 4
2311 2
7121 5
2312 2
7933 2
7934 2
6782 3
2313 3
11970 3
2314 3
2315 3
2316 1
12110 4
2317 2
2318 2
7122 4
7123 2
2319 2
7935 2
11075 6
11971 6
2320 5
2321 6
2322 3
2323 3
7208 1
2324 2
2325 1
7936 2
11972 5
11973 1
2326 6
2327 3
2328 3
2329 1
2330 4
10189 2
2331 2
2332 1
7937 2
7938 2
7939 2
7940 2
12111 5
10622 3
10623 3
2333 3
2334 3
2335 1
7124 2
2336 2
2337 2
7125 4
2338 1
7126 5
2339 2
2340 2
7941 2
7942 2
2341 3
2342 3
2343 1
4990 1
2344 6
2345 3
2346 3
2347 6
7127 4
7128 4
7943 2
2348 2
2349 2
7944 2
7945 2
7946 2
2350 3
2351 3
2352 3
2353 1
5355 1
2354 3
2355 2
2356 2
2357 2
2358 2
2359 2
2360 2
2361 1
7129 5
7947 2
7948 2
11076 5
2362 3
4991 1
6434 1
11974 6
2363 3
2364 2
2365 2
2366 2
7130 4
2367 1
6435 4
2368 3
4992 1
7949 2
7131 2
2369 2
2370 2
10190 2
2371 2
2372 2
2373 2
2374 2
7132 2
7133 4
7950 2
2375 1
7134 5
2376 2
7951 2
2377 2
10624 3
10625 3
4512 6
2378 6
5373 6
2379 3
7135 1
5356 1
7136 2
2380 2
2381 4
2382 2
7137 5
2383 2
2384 2
7952 2
6436 4
10626 3
2385 3
2386 3
2387 3
2388 1
4513 6
2389 1
2390 3
2391 2
2392 2
7138 4
7139 5
7140 5
2393 2
11077 6
11975 3
11078 3
2394 3
4993 1
8639 3
11976 3
2395 6
7953 2
2396 2
7141 2
2397 1
7954 2
2398 2
7955 2
5357 1
2399 1
2400 3
2401 6
7142 6
5358 6
8640 3
2402 3
2403 3
2404 3
2405 3
7143 4
7956 2
2406 2
2407 2
2408 2
2409 2
7957 2
2410 3
11977 3
11079 3
11080 3
10627 3
10628 3
10629 3
2411 1
2412 6
2413 3
2414 3
2415 3
2416 3
2417 3
2418 3
2419 3
2420 1
11477 3
7144 2
2421 2
2422 2
7747 4
7958 2
7145 6
2423 3
11478 3
2424 3
2425 2
2426 2
2427 2
2428 2
7959 4
7960 2
2429 2
7146 1
7147 5
11624 5
2430 6
2431 6
2432 3
2433 3
12112 4
2434 4
2435 2
2436 2
2437 2
2438 2
7148 4
6437 2
2439 2
2440 2
7961 2
7962 2
7963 2
7964 2
7965 2
2441 3
11081 3
10630 3
10631 3
11978 6
2442 1
2443 1
2444 1
2445 1
2446 2
2447 2
11625 5
7966 2
2448 3
11979 3
10632 3
2449 3
2450 3
2451 3
2452 3
2453 3
7149 4
2454 1
2455 1
7150 5
7151 5
7152 2
7967 2
7968 2
2456 1
2457 3
2458 3
2459 3
2460 3
12113 4
2461 1
2462 1
2463 2
2464 2
7969 2
7970 2
7971 2
11980 5
2465 6
2466 3
2467 3
2468 3
2469 3
2470 3
2471 3
2472 1
2473 3
2474 3
2475 3
2476 1
2477 2
2478 2
2479 2
2480 2
7972 2
11082 5
2481 3
2482 6
2483 6
2484 6
2485 3
11479 3
11480 3
2486 2
2487 1
2488 2
2489 2
2490 2
7973 2
7974 2
7975 2
11658 2
7976 2
7977 2
11981 3
10633 3
11083 1
5623 1
2491 1
2492 3
2493 6
4994 1
2494 3
2495 3
2496 3
2497 2
9724 4
2498 2
2499 2
2500 2
11982 4
11084 5
11983 5
2501 5
11984 3
2502 3
11085 3
11985 3
2503 3
2504 1
2505 5
2506 1
2507 3
2508 1
9725 2
2509 4
2510 2
10191 2
2511 2
7978 2
9726 2
2512 2
11086 6
11087 6
2513 3
10634 3
2514 1
2515 1
11986 1
12114 4
7979 2
7980 2
7981 2
7982 2
2516 5
11987 3
2517 3
2518 1
2519 1
2520 1
2521 3
2522 3
2523 3
11626 2
2524 2
2525 2
2526 2
7983 4
7984 2
2527 1
11088 3
2528 3
11988 3
10635 3
10636 3
10637 3
10638 3
10639 3
10640 3
2529 3
2530 3
2531 3
2532 1
2533 1
2534 1
2535 2
2536 2
2537 2
5624 2
7985 2
7986 2
7987 2
10641 3
10642 3
2538 1
6438 1
11481 3
2539 3
11482 1
11483 3
11484 3
5625 1
2540 2
2541 1
7988 2
2542 2
2543 2
7989 2
7990 2
7991 2
7992 2
2544 3
2545 3
2546 3
10643 3
10644 3
2547 3
2548 3
2549 3
2550 3
2551 1
2552 3
2553 6
2860 3
2861 3
2862 3
2863 1
2864 2
2865 2
7993 2
7994 2
7995 2
7996 2
11989 3
8641 1
2866 3
2867 3
12115 4
2868 2
7997 2
2869 2
2870 2
2871 2
9727 4
2872 1
7998 2
2873 2
2874 2
7999 2
8000 2
8001 2
8002 2
8003 2
2875 3
2876 3
11089 3
11090 3
10645 3
2877 3
2878 3
2879 3
11091 3
2880 3
2881 1
2882 3
2883 3
2884 3
2885 3
2886 3
11485 1
5374 1
2887 1
2888 3
2889 2
2890 2
2891 2
2892 2
2893 1
2894 2
8004 2
8005 2
8006 2
8007 2
2895 6
2896 3
2897 1
2898 5
11092 1
2899 1
2900 1
2901 3
2902 3
2903 1
2904 2
2905 2
2906 2
2907 2
9728 4
2908 1
2909 1
8008 2
8009 2
8010 2
8011 2
8012 2
2910 3
8642 6
8643 6
11990 3
11991 3
10646 3
2911 3
2912 1
11486 3
2913 3
2914 3
11487 1
2915 1
3361 3
3362 1
3363 1
3364 1
8013 2
8014 2
10647 5
11093 6
11094 3
10648 3
10649 3
3365 3
3366 3
11488 5
3367 3
3368 3
3369 3
3370 1
3371 2
3372 2
3373 1
8015 5
12116 4
8016 2
8017 2
8018 2
12159 2
12117 5
3374 3
10650 3
3375 1
3376 3
12118 6
3377 3
3378 1
3379 2
3380 2
3381 2
3382 2
3383 1
8019 2
8020 2
8021 2
11992 5
3384 5
3385 6
3386 3
3387 2
8022 2
8023 2
8024 2
12160 2
3388 3
3389 3
3390 3
3391 3
10651 3
3392 3
7748 3
3393 3
3723 4
3724 2
3725 2
3726 2
3727 5
3728 5
11489 3
3729 6
3730 3
3731 3
3732 3
3733 2
8025 2
8026 2
3734 2
3735 2
8027 2
3736 2
8028 2
8029 2
11993 5
3737 5
11490 3
3738 3
3739 3
3740 4
7209 1
3741 1
3742 2
3743 2
3744 1
3745 1
3746 1
3747 1
3748 3
3749 3
3750 3
11994 3
11995 3
11095 3
10652 3
10653 3
10654 3
12119 3
3751 3
3752 3
3753 3
3754 3
3755 3
3756 3
11491 3
11492 3
3757 6
3758 3
3759 2
3760 2
3761 2
3762 5
12120 5
10655 3
3763 3
3764 3
3765 3
3766 3
3767 3
5626 1
3768 6
3769 6
3770 1
3771 3
3772 3
3773 3
3774 3
3775 3
3776 3
8030 2
3777 2
3778 1
8031 2
8032 2
3779 3
11096 3
3780 3
11996 3
3781 3
3782 1
3783 3
3784 6
11493 3
3787 3
3788 3
11494 3
11495 3
3789 1
3790 2
3791 2
8033 2
8034 2
8035 2
8036 2
3792 2
11997 6
10656 3
3793 3
3794 3
3795 3
3796 1
5627 1
11496 3
3797 3
3798 2
3799 2
3800 2
3801 1
3802 2
8037 2
8038 2
8039 2
3803 2
11998 6
10657 3
3804 3
11097 3
3805 3
3806 5
3807 1
11497 3
11498 3
3808 3
3809 3
3810 3
3811 1
3812 1
3813 2
8040 2
3814 2
8041 2
5628 1
3815 1
3816 1
3817 1
3818 6
3825 3
3826 3
3827 3
3828 3
3829 3
3830 3
3831 1
3832 4
3833 2
3834 1
3835 2
8042 2
8043 2
8044 2
8045 2
10658 3
10659 3
3836 1
3853 1
3854 1
3855 3
3856 3
3857 3
3858 3
3859 3
3860 3
3861 3
3862 1
3863 4
3864 2
8046 4
3865 2
3866 2
8047 2
8048 2
11098 3
10660 3
3867 3
3868 3
3869 3
3870 3
3871 3
8138 1
3872 1
8049 4
8050 2
8051 2
8052 2
3873 3
3874 1
3884 6
8053 2
8054 2
8055 2
8056 2
3885 3
3886 1
3887 3
3888 3
3889 3
3890 3
3891 2
3892 2
10192 2
3893 1
3894 1
8057 2
8058 2
8059 2
8060 2
12121 5
3895 4
10661 3
3896 3
3897 3
3898 3
3899 3
3900 3
3901 3
3902 3
3903 3
3904 3
3905 3
3906 6
3907 3
3908 1
3909 2
3910 2
3911 2
3912 5
3913 2
3914 2
3915 2
3916 2
3917 2
8061 2
11999 6
3918 3
3919 1
3920 1
3921 3
3922 6
3923 3
3924 3
3925 3
3926 3
3927 3
3928 1
3929 1
8062 5
8063 2
3930 2
3931 2
3932 2
8064 4
3933 1
8065 2
3934 2
8066 2
8067 2
8068 2
8069 2
12000 6
3935 5
3936 1
3937 3
11499 3
3938 3
3939 3
3940 3
3941 3
12001 4
8070 2
8071 2
3942 2
3943 2
3944 5
3945 2
3946 2
3947 2
8072 2
8073 2
8074 2
8075 2
11659 4
3948 1
12122 1
11500 1
11099 1
3949 6
3950 3
3951 1
3952 2
8076 2
3953 2
8077 2
8078 2
8079 2
3954 3
10662 3
10663 3
10664 3
3955 3
10665 3
10666 3
3956 1
3957 6
3958 3
3959 3
3960 3
3961 3
3962 2
8080 4
3963 2
12123 4
3964 3
3965 3
3966 3
3967 3
3968 3
3969 1
3970 1
3978 2
3979 4
3980 2
3981 1
3982 2
3983 2
3984 2
3985 2
3986 2
8081 2
8082 2
8083 2
3987 2
3988 2
12002 3
12003 3
3989 3
3990 3
10667 3
10668 3
3991 3
3992 3
3993 3
3994 6
3995 6
3996 3
3997 2
3998 2
3999 1
4000 2
4001 2
8084 2
8085 2
8086 2
8087 2
8088 2
8089 2
8090 2
4002 3
12004 3
4003 3
4004 3
4005 3
4006 2
4007 2
4008 2
4009 3
10669 3
4010 3
4011 3
4012 3
4013 3
4014 3
4015 3
8184 1
4016 3
4017 2
4018 2
4019 2
4020 2
8091 2
8092 2
10670 3
4021 3
10671 3
4022 3
4023 3
4024 3
4025 3
4026 1
11501 3
4027 1
4028 1
4039 2
4040 2
4041 2
4042 2
4043 2
4044 2
8093 2
8094 2
4045 5
4046 3
12005 3
10672 3
4047 1
11502 3
4048 3
4049 3
4050 3
4051 3
4052 1
4053 2
8095 2
8096 2
8097 2
4054 3
4055 1
4056 6
4057 3
4058 3
4059 3
4060 1
4061 1
4062 2
11100 3
4063 1
4408 3
4409 1
4410 2
4411 2
4412 2
4413 2
4414 1
4415 5
4416 3
4417 3
4418 3
4419 1
4420 3
4421 3
4422 3
4423 3
4424 3
4425 1
11503 1
4428 2
4429 2
4430 2
4431 2
4432 2
11101 3
10673 3
6813 1
4433 1
11504 3
4434 3
4435 3
4436 6
4437 3
4438 3
4439 3
4440 1
4441 2
4442 2
4443 2
4444 2
4445 2
4446 5
4447 2
4448 2
4449 3
4450 1
4451 3
4452 2
4453 2
4454 2
6439 2
4455 2
4456 2
4457 3
12006 3
4458 3
10674 3
4459 1
8644 1
4460 1
4461 4
4462 2
4463 2
4464 2
4465 2
4466 2
10675 3
10676 3
10677 3
10678 3
4467 3
4468 3
4469 3
4470 3
11505 3
4471 6
4472 1
4473 2
4474 2
4475 2
4476 6
4477 3
10679 3
4478 3
10680 3
4479 3
4480 3
11506 3
4481 3
4482 1
4483 2
4484 2
4485 2
4486 1
4487 2
10681 3
4488 3
4489 3
4490 3
4491 3
11507 3
11508 3
4492 6
4514 1
4515 3
4516 3
4517 2
4518 2
4519 2
4520 2
4521 3
4522 3
4523 3
4524 3
4525 3
4526 3
4527 3
4528 3
10682 4
4529 2
4530 2
4531 2
8098 2
4532 2
4533 3
10683 3
4534 3
4535 3
4536 3
4537 5
11509 3
4538 6
4539 3
4540 3
4541 3
4542 3
11510 1
11511 1
8099 2
4543 5
4544 5
4545 5
4546 3
4547 3
4548 1
4549 3
4550 3
11512 3
4551 1
4552 2
4553 2
4554 2
4555 2
4556 6
4557 3
4558 1
4559 1
11513 3
11514 3
4560 3
4561 3
4562 3
4563 3
4564 3
4565 3
4566 3
4567 3
4568 3
4569 2
4570 2
4571 2
4572 2
4573 2
4574 2
4575 1
4576 1
11515 3
4577 6
4578 3
4579 3
4580 3
11516 3
4581 1
4582 1
4583 2
4584 3
4585 3
4586 3
4587 3
4588 3
4589 3
4590 1
11517 3
4594 1
4595 3
4596 3
4597 3
4598 3
4599 3
4600 3
4601 2
4602 2
4603 3
4604 3
4605 3
4606 3
4607 3
4608 5
4609 6
4610 1
4611 3
4612 3
4613 3
4614 1
4615 2
4616 2
4617 2
4618 2
4619 1
4620 2
4621 2
4622 2
4623 3
4624 3
11518 3
4625 1
4626 3
4627 1
4628 2
4629 2
4630 2
4631 1
4632 2
4633 2
4634 2
12161 2
4635 2
4636 2
4637 3
4638 3
4639 3
4640 3
11519 3
4641 3
4642 3
4643 2
4644 2
4645 2
4646 2
4647 1
4648 5
4649 3
4650 6
4651 3
4652 3
4653 3
4654 3
4655 3
11520 3
4656 2
4657 2
4658 3
4659 3
4660 3
4661 1
4662 1
11521 3
11522 3
11523 3
4663 3
4664 3
4665 3
4666 3
7210 1
4667 1
4668 1
4669 2
4670 2
4671 3
11524 3
4672 3
4673 3
4674 3
12145 1
4675 2
4676 2
4677 2
4678 1
4679 1
4680 2
4681 5
4682 6
4683 3
4684 3
4685 3
4686 3
4687 1
4688 3
11525 3
4689 5
4695 3
4696 3
4697 3
4698 3
4699 3
4700 1
4701 2
4702 2
4703 1
4704 3
4705 3
4706 1
4707 6
4710 3
4711 3
4712 3
4713 3
4714 2
4715 3
4716 3
4717 3
4718 3
4719 3
4720 3
4721 5
11526 3
11527 3
4722 3
4723 3
4724 3
3977 1
4725 2
4726 2
4727 2
12162 2
4728 3
4729 3
4730 3
4731 3
4732 3
4733 1
11528 1
4734 6
4736 3
4737 3
4738 3
4739 3
4740 3
11529 3
4741 2
4742 1
4743 3
4744 3
4745 3
4746 1
4747 3
11530 3
4748 3
4749 3
4750 1
4751 1
11627 4
4752 1
4753 1
4754 2
4755 2
4756 3
4757 3
4758 3
4759 1
4760 1
4761 3
4762 3
4763 3
4764 1
4765 2
4766 2
4767 2
4768 2
4769 2
4770 4
8645 4
10684 3
4771 1
4772 3
11531 1
4773 2
4774 2
4775 2
4776 2
4777 2
4778 5
4779 3
11102 3
4780 3
4781 3
4782 3
4783 3
11532 3
11533 3
11534 3
4784 6
4785 3
4786 3
4787 3
4788 3
4789 3
4790 3
4791 3
4792 2
4793 2
4794 2
4795 2
4796 2
4797 4
11103 3
4798 3
4799 3
4800 3
4801 3
4802 3
4803 3
4804 3
4805 3
4806 3
4807 3
4808 3
4809 3
4810 1
4811 2
4812 2
11535 3
8961 5
4813 1
4814 6
4815 3
4816 3
4817 3
4818 3
4819 2
4820 2
4821 2
4822 2
4823 2
4824 2
4825 3
4826 1
4995 3
4996 6
4997 3
11536 3
4998 2
4999 2
8100 2
5000 3
10685 3
5001 3
5002 3
5003 3
11537 3
5004 6
5005 1
5007 3
5008 3
5009 3
5010 3
5011 1
5012 3
5013 3
11104 3
5014 1
5015 1
11538 3
5016 3
5017 3
11539 1
5018 1
5019 2
5020 6
11105 3
5021 3
5022 1
5023 3
5024 3
5025 3
5026 3
5027 2
5028 2
5029 1
5030 5
5031 2
5032 2
5033 2
8101 2
5034 2
5035 6
11106 3
5036 3
5037 1
5038 3
5039 3
5040 3
11540 3
5041 6
11541 6
5043 3
5044 3
5045 2
5046 1
5047 2
5048 2
10686 3
5049 3
5050 3
5051 3
5052 1
5053 3
5054 3
5055 3
5056 3
5057 3
5058 2
5059 5
11107 5
5060 3
11108 3
5061 3
5062 3
5063 3
5064 3
5065 3
5066 3
5067 3
5068 1
5069 3
5070 2
5071 2
5072 2
5073 2
5074 2
5075 2
5076 2
5077 2
8102 2
5078 2
5079 2
5080 2
10687 3
10688 3
10689 3
10690 3
5081 3
5082 3
5083 3
5084 3
5085 3
5086 3
5087 3
5088 3
11109 6
5089 3
11110 3
10691 3
5090 3
5091 3
5092 3
11542 3
5093 3
11543 3
5094 6
5095 3
5096 1
5099 2
5100 2
5101 2
11111 6
5102 3
5103 3
5104 3
5105 3
5106 1
5107 3
5108 3
5109 6
5110 3
5111 3
5112 3
5113 3
5114 1
5115 1
5116 2
5117 2
5118 2
5119 2
5120 3
5121 3
11544 3
5122 6
5126 6
5127 6
11545 6
5130 3
5131 3
5132 3
5133 1
5135 1
5136 2
5137 3
5138 3
5139 3
5140 1
5142 3
5143 3
5144 3
5145 1
5146 2
12007 3
5147 3
5148 3
5149 3
5150 3
5151 1
5152 1
5153 6
5156 6
5157 6
5159 3
5160 3
5161 3
5162 1
5163 4
5164 1
5165 2
5166 2
5167 2
5168 2
5169 6
5170 1
11546 3
5171 1
5172 3
5173 3
5174 3
5175 3
5176 3
5177 1
5178 1
5179 1
5180 2
5181 2
5182 5
5183 3
5184 3
5185 3
5186 1
5187 3
5188 1
5189 6
5190 3
5191 3
5192 3
5193 3
5194 3
5195 3
5196 1
5198 1
5199 2
5200 2
5201 6
5202 3
5203 3
5204 3
5205 3
5206 3
5207 3
5208 3
11547 3
11548 3
5209 1
5210 6
5211 1
5212 1
5213 3
5214 3
5215 3
5216 3
5217 2
5218 2
5219 2
5220 2
5221 2
5222 6
5223 3
5224 3
11549 3
5225 3
5226 3
5227 3
5228 2
5229 1
5230 2
5231 2
5232 3
5233 1
5234 1
5235 3
5236 3
5237 3
5238 3
5239 1
5240 1
5241 2
5242 2
5243 2
5244 3
5245 3
5246 3
5247 3
5248 3
5249 3
5250 3
5251 1
5252 1
5253 1
5254 2
5255 2
5256 2
5257 2
5258 3
5259 5
5260 3
5261 3
5262 3
5263 3
5264 3
5265 3
5266 3
5267 1
11550 1
11551 3
5268 3
5269 3
5270 3
5271 3
5272 3
5273 4
5274 2
5275 2
5276 2
5277 2
5278 2
5279 1
5280 1
5281 2
11112 5
5282 3
5283 3
5284 3
5285 1
5286 1
5287 3
5288 3
5289 1
5290 2
5291 2
5292 2
5293 2
5294 1
5295 2
5296 2
5297 2
5298 5
8646 1
5299 3
5300 1
11552 3
5301 1
5302 6
5303 3
5304 3
5305 2
5306 2
5307 2
5308 2
5309 2
5310 2
5311 2
5312 6
5313 5
5314 3
5315 3
5316 3
5317 3
5318 3
5319 3
5320 1
5321 1
5322 1
5325 3
5326 3
5327 3
5328 2
5329 2
5330 2
5331 2
5332 2
5333 1
5334 2
5335 6
5336 3
5337 3
5338 3
5339 3
11553 3
5340 6
5341 3
5342 3
5343 3
5344 2
5345 2
5346 2
5347 2
5348 2
5349 2
5350 6
5351 3
5352 5
11113 3
5353 1
5354 6
5359 6
5360 3
5361 3
5362 1
5363 1
5375 1
5376 2
5377 6
5378 5
5379 3
5380 3
5381 3
5382 3
5383 3
5384 3
5385 2
5386 2
5387 2
5388 2
5389 1
11628 1
5390 2
5391 2
5392 2
5393 2
5394 2
5395 3
5396 3
5397 3
5398 1
11554 3
5399 6
5400 3
5401 3
5402 4
5403 2
5404 2
5405 2
5406 2
5407 2
5408 2
5409 2
5410 3
5411 3
11555 3
5412 6
5413 3
5414 3
5415 1
5416 2
5417 2
5418 2
5419 2
5420 3
5421 3
11114 3
5422 3
5423 3
5424 5
11556 3
5425 3
5426 3
5427 3
5428 3
5429 3
5430 4
5431 2
5432 2
5433 2
5434 1
5435 2
5436 2
5437 2
11660 5
12163 2
5438 3
5439 3
5440 1
11557 3
5441 3
5442 3
5443 1
5444 4
5445 2
5446 2
5447 2
5448 2
5449 2
5450 2
5451 2
5452 2
5453 2
5454 5
5455 3
5456 3
5457 3
5458 3
5459 3
5460 3
5461 3
5462 3
5463 3
5464 3
5465 3
5466 3
5467 3
5468 3
5469 1
5470 1
5471 1
5472 2
5473 2
5474 2
5475 2
5476 2
5477 2
5478 2
5479 2
5480 2
5481 2
5482 2
5483 6
5484 3
5485 3
5486 3
5487 3
5488 3
11558 3
11559 3
5489 3
5490 3
5491 3
5492 3
5493 3
5494 3
11560 3
5495 1
5496 2
5497 2
5498 2
5499 2
5500 2
5501 4
5502 2
5503 2
5504 2
5505 3
5506 3
5507 3
5508 3
5509 3
5510 3
5511 3
5512 1
5513 1
5514 4
5515 4
5516 2
5517 2
5518 2
5519 2
5520 2
5521 1
5522 4
5523 2
5524 2
5525 3
5526 3
5527 6
10692 3
5528 3
5529 3
5530 3
5531 3
5532 3
5533 3
11561 3
5534 3
5535 3
5536 3
5537 4
5538 3
5539 2
5540 2
5541 2
8103 2
5542 2
5543 3
5544 3
5545 1
11562 3
5546 3
11563 3
5547 3
11564 3
5548 3
5549 3
5550 3
8647 3
11565 3
5551 1
5552 2
5553 2
5554 3
5555 3
5556 1
5557 3
11566 3
5558 1
5559 3
5560 3
5561 2
5562 2
5563 3
11115 3
5564 3
5565 3
5566 3
5567 3
5568 3
5569 1
5570 3
8648 3
5571 3
5572 3
11567 3
5573 3
5574 3
11568 3
8649 1
5575 1
5576 2
5577 2
5578 2
5579 2
5580 2
5581 2
5582 5
5583 3
5584 3
5585 1
5586 1
5587 1
5588 3
11569 3
5589 3
5590 3
5591 3
11661 2
5592 2
5593 2
5594 2
5595 2
5596 2
5597 5
5598 2
5599 5
5600 3
5601 3
5602 3
5603 3
5604 3
5605 1
5629 1
11570 3
5630 3
5631 3
5632 3
11571 3
5633 1
5634 2
5635 2
5636 2
5637 2
5638 2
5639 3
5640 1
5641 1
5642 3
5643 6
5644 1
5645 3
5646 3
5647 2
5648 2
5649 2
5650 2
5651 2
5652 2
5653 3
5654 5
5655 3
11116 3
5656 3
5657 3
11572 3
5658 3
5659 3
5660 3
5661 3
5662 3
5663 3
5664 3
5665 1
5666 1
5667 2
5668 2
5669 2
5670 2
5671 2
5672 1
5673 2
5674 2
5675 2
5676 2
5677 5
5678 3
11573 3
5679 3
5680 3
5681 1
5682 2
5683 2
5684 2
5685 3
5686 1
11574 3
5687 3
5688 3
8650 3
5689 3
5690 3
5691 1
6440 1
6441 2
6442 2
6443 2
6444 2
6445 2
6446 3
6783 3
6784 3
6785 3
6786 3
6787 1
6789 1
6790 1
6791 3
6792 6
6793 2
6794 2
6795 2
6796 2
6797 2
6798 2
6799 2
6800 3
6801 3
6802 3
6803 3
6804 3
6805 3
6806 3
6807 3
6808 3
6809 3
6810 3
6811 1
6814 1
6815 1
6816 1
6817 1
6818 3
6819 3
6820 3
11575 3
6821 1
6822 3
6823 6
6824 2
6825 2
6826 2
6827 2
6828 2
6829 6
6830 3
6831 1
11576 3
6832 6
6833 6
6834 3
8651 3
6835 2
6836 2
6837 2
6838 2
6839 2
6840 6
6841 3
6842 3
6843 3
6844 3
6845 1
6846 3
6847 3
11577 1
6848 3
6849 4
6850 2
6851 2
6852 2
6853 5
7153 2
7154 2
7155 2
7156 3
10693 3
7157 3
7158 3
7159 3
7160 1
11578 3
7161 6
7162 6
7163 1
7164 3
7165 3
7166 2
7167 2
7168 2
7169 2
7170 2
7171 2
7172 2
7173 3
7174 1
7175 6
7176 3
7177 3
7178 3
7179 3
7180 3
7181 3
7182 2
7183 2
7184 2
7185 2
7186 2
7187 5
7188 3
7189 3
7190 3
7191 3
7192 3
7193 3
7194 3
7195 1
7211 1
7212 4
7213 2
7214 2
7215 2
7216 2
7217 4
7218 2
7219 2
7220 2
7221 2
7222 5
7573 5
11117 3
7574 1
7575 1
7576 3
7577 3
7578 2
7579 2
7580 4
7581 2
7582 2
7583 3
7584 3
7585 3
7586 3
7587 3
7588 3
7589 3
7590 3
7591 3
7592 3
7593 5
7594 6
7595 3
7596 3
7597 3
7598 1
7599 1
7600 1
7601 2
7602 2
7603 2
7604 1
7605 2
7606 2
7607 2
7608 2
7609 3
7610 3
7611 3
7612 3
7613 3
7614 3
7615 3
7616 3
7617 2
7618 2
7619 2
7620 2
7621 2
7622 3
7623 3
7624 1
7626 1
7627 3
7628 3
7629 6
7636 6
7637 3
7638 3
7639 3
7640 3
7641 3
7642 3
7643 1
7644 2
7645 2
7646 2
7647 1
7648 2
7649 2
7650 2
7651 3
7652 3
7653 1
7654 1
7655 3
7656 3
7657 3
7658 3
7659 3
7660 3
7661 2
7662 2
7663 1
7664 2
7665 3
11118 3
7666 3
7667 3
7668 3
7669 1
7670 1
7671 1
7672 1
7673 3
7674 3
7675 3
7676 3
7677 3
7678 1
7679 4
7680 2
7681 2
7682 1
7683 1
7684 2
7685 3
7686 1
7687 3
7688 3
7689 3
7690 3
7691 3
7692 3
7693 3
7694 3
7695 3
7696 3
7697 3
7698 1
7699 4
7700 2
7701 2
7702 2
7703 2
7704 1
7705 2
7706 5
7712 2
7713 2
7714 3
7715 3
7716 3
10694 3
7717 3
7718 3
7719 3
7720 3
7721 3
7722 3
7723 3
7724 3
7725 3
7726 3
7727 3
7728 1
7729 3
7730 3
7731 3
7732 3
7733 3
7734 3
7735 3
7736 3
7737 3
7738 3
7739 3
7749 3
7750 1
7751 1
7752 2
7753 2
7754 2
7755 2
7756 2
7757 3
7758 1
7759 3
7760 3
7761 3
7762 4
7763 2
7764 2
7765 2
7766 2
8104 6
8105 3
8106 3
8107 1
8139 1
8140 5
8141 5
8142 6
8143 3
8144 3
8145 3
8146 1
8147 4
8148 2
8149 2
8150 2
8151 2
8152 3
8153 3
8154 3
8155 3
8156 3
11579 5
8157 6
8158 3
8159 3
8160 3
8161 3
8162 3
8163 2
8164 2
8165 2
8166 3
8167 1
8168 1
8169 3
8170 3
8171 2
8172 2
8173 2
8174 2
8175 2
8176 2
8177 1
8178 3
8179 3
8180 1
8185 1
8186 3
8187 3
8188 3
8189 3
8190 3
8191 3
8192 1
8198 2
8199 2
8200 1
8201 1
8202 3
8203 3
8204 6
8205 6
8206 1
8207 3
8208 3
8209 1
8210 1
8211 1
8212 2
8213 2
8214 2
8215 2
10695 3
8216 3
8217 3
8218 3
8219 3
8220 3
8221 3
8222 1
8223 1
8224 4
8225 2
8226 2
8227 3
8228 1
8229 5
8230 1
8231 3
8232 1
8233 3
8234 3
8235 3
8236 3
8237 3
8238 2
8239 2
8240 2
8241 2
8242 6
8244 3
8245 3
8246 3
8247 3
8248 3
8249 5
8250 3
8251 3
8252 3
8253 3
8254 4
8255 2
8256 2
8257 2
8258 5
8259 2
8260 3
8261 3
8262 1
8263 1
8264 1
8265 3
8266 3
8267 3
8268 6
8269 3
8270 3
8271 3
8272 3
8273 3
8274 3
8275 1
8276 2
8277 2
8278 2
8279 2
8280 5
10696 3
8281 3
8282 3
8283 3
8284 3
8285 3
8286 3
8287 3
8288 3
8289 4
8290 2
8291 2
8292 6
8293 5
10697 3
8294 3
8295 3
8296 3
8297 3
8298 3
8299 1
8300 1
8301 2
8302 2
8303 2
8304 3
8305 3
8306 3
8307 3
8308 1
8309 3
8310 3
8311 3
8312 3
8313 3
8314 3
8315 3
8316 3
8317 3
8318 3
8652 1
8939 1
8940 1
8941 2
8942 2
8943 2
8944 2
8945 2
8946 6
8947 3
8948 3
8949 3
8950 3
8951 3
8952 1
8962 6
8963 6
8964 6
8965 6
8966 3
8967 1
8968 2
8969 2
8970 2
8971 2
8972 2
8973 2
8974 3
8975 1
8976 3
8977 3
8978 3
8979 3
8980 3
8981 1
8982 1
8983 1
8984 6
8985 2
8986 2
8987 2
8988 2
8989 2
8990 2
8991 2
8992 2
8993 3
8994 1
8996 3
8997 1
8998 3
8999 3
9000 4
9001 4
9002 2
9003 2
9004 2
9005 2
9006 2
9729 5
9730 3
9731 1
9732 1
9733 6
9734 6
9735 3
9736 3
9737 3
9738 3
9739 2
9740 3
9741 3
9742 1
9743 1
9744 3
9745 3
9746 3
9747 3
9748 2
9749 5
9750 2
9751 2
9752 2
9753 3
9754 2
9755 2
9756 3
9757 3
9758 3
9759 4
9760 2
9761 2
9762 2
9763 2
9764 2
9765 2
9766 2
9767 2
9768 2
9769 3
9770 2
9771 2
9772 2
9773 3
9774 3
9775 1
9776 1
9777 6
9778 4
9779 2
9780 2
9781 2
9782 2
9783 5
10193 3
10194 3
10195 3
10196 3
10197 1
10198 3
10199 2
10200 2
10201 2
10202 2
10203 2
10204 2
10205 2
10206 3
10207 2
10208 2
10209 2
10210 5
10211 2
10212 2
10213 6
10214 3
10215 3
10216 3
10217 3
10218 3
10219 6
10220 2
10221 2
10222 1
10223 2
10224 2
10225 3
10226 3
10227 3
10228 1
10230 1
10231 3
10232 3
10233 4
10234 2
10235 2
10236 2
10237 3
10238 3
10239 1
10240 5
10241 3
10242 6
10243 3
10244 3
10245 2
10246 2
10247 2
10248 2
10249 5
10250 3
10251 3
10252 3
10253 3
10254 3
10255 3
10256 3
10257 3
10258 2
10259 2
10260 3
10261 3
10262 3
10263 3
10264 1
10265 3
10266 3
10267 1
10268 2
10269 2
10270 5
10271 3
10272 3
10273 3
10274 3
10275 3
10276 1
10277 3
10278 6
10279 3
10280 3
10281 3
10282 2
10283 2
10284 2
10285 2
10286 2
10287 2
10288 2
10289 3
10290 3
10291 3
10292 3
10293 1
10294 1
10295 4
10296 3
10297 3
10298 3
10299 3
10300 1
10301 2
10302 2
10303 2
10304 3
10305 6
10306 3
10307 3
10308 3
10309 2
10310 2
10311 3
10312 3
10313 3
10314 3
10315 3
10316 2
10317 2
10318 2
10319 2
10320 5
10321 5
10322 3
10323 3
10324 3
10325 2
10326 1
10327 1
10328 6
10329 3
10330 3
10331 3
10332 3
10333 2
10334 2
10335 2
10336 1
10337 2
10338 2
10339 2
10340 2
10341 2
10342 5
10343 6
10344 1
10345 3
10346 3
10347 3
10348 3
10349 2
10350 2
10351 2
10352 2
10353 2
10354 5
10355 2
10356 2
10357 3
10358 3
10359 3
10360 3
10361 1
10362 1
10363 1
10364 3
10365 2
10366 2
10367 2
10368 5
10369 3
10370 3
10371 3
10372 6
10373 3
10374 3
10375 3
10376 1
10377 2
10378 2
10379 2
10380 2
10381 2
10382 2
10383 2
10384 2
10385 2
10386 5
10387 3
10388 3
10389 3
10390 3
10391 3
10392 3
10393 1
10394 1
10395 2
10396 2
10397 2
10398 2
10399 2
10400 2
10401 2
10402 2
10403 2
10404 2
10405 3
10698 3
10699 6
10700 1
10701 3
10702 1
10703 2
10704 2
10705 2
10706 2
10707 2
10708 3
10709 3
10710 3
10711 4
10712 1
10713 1
10714 3
10715 3
10716 1
10717 3
10718 1
10719 1
10720 2
10721 2
10722 2
10723 2
10724 2
10725 2
10726 2
10727 3
10728 3
10729 3
10730 6
10731 3
10732 3
10733 3
10734 1
10735 1
10736 2
10737 2
10738 1
10739 5
10740 2
10741 2
10742 3
10743 3
10744 3
10745 1
10746 5
10747 3
10748 3
10749 3
10750 3
10751 3
10752 3
10753 3
10754 3
10755 3
10756 2
10757 2
10758 2
10759 2
10760 2
10761 2
10762 2
10763 2
10764 2
10765 2
10766 3
10767 3
11119 3
11120 3
11121 3
11122 3
11123 3
11124 3
11125 3
11126 3
11127 2
11128 2
11129 2
11130 2
11131 2
11132 3
11133 2
11134 1
11135 1
11136 3
11137 3
11138 3
11139 3
11140 3
11141 3
11142 1
11143 1
11144 4
11145 2
11146 2
11147 2
11148 2
11149 2
11150 2
11151 2
11152 2
11153 2
11154 5
11155 6
11156 4
11157 3
11158 3
11159 6
11160 3
11161 3
11162 3
11163 3
11164 3
11165 3
11166 1
11167 4
11168 2
11169 2
11170 2
11171 4
11172 3
11173 3
11174 3
11175 1
11176 1
11177 3
11178 3
11179 3
11180 3
11181 1
11182 1
11185 3
11186 2
11187 2
11188 4
11189 6
11190 2
11191 3
11192 1
11193 1
11194 3
11195 3
11196 6
11197 6
11198 3
11199 3
11200 3
11201 3
11202 1
11203 4
11204 2
11205 2
11206 2
11207 2
11208 2
11209 2
11210 2
11211 2
11212 2
11213 2
11214 2
11215 2
11216 5
11217 3
11218 6
11219 3
11220 1
11221 1
11222 2
11223 2
11224 2
11225 3
11226 2
11227 2
11228 2
11229 2
11230 2
11231 5
11232 3
11233 3
11234 3
11235 3
11236 3
11237 3
11238 5
11239 3
11240 6
11241 6
11242 4
11243 3
11244 3
11245 3
11246 3
11247 1
11580 1
11581 4
11582 5
11583 5
11584 5
11629 2
11630 2
11631 2
11632 2
11633 2
11634 2
11635 2
11636 5
11637 2
11638 2
11639 2
11640 2
11641 2
11642 3
11643 3
11644 3
11645 1
11646 5
11647 3
11648 3
11649 3
11650 3
11651 3
11652 1
11653 2
11654 2
11655 2
11662 2
11663 2
11664 2
11665 2
11666 2
11667 2
11668 2
11669 2
11670 2
11671 2
11672 2
11673 2
11674 3
11675 3
11676 3
12008 3
12009 5
12010 3
12011 1
12012 3
12013 3
12014 3
12015 3
12016 3
12017 1
12018 2
12019 2
12020 2
12021 2
12022 2
12023 2
12024 2
12025 2
12026 2
12027 2
12028 2
12029 2
12030 2
12031 2
12032 2
12033 3
12034 3
12035 3
12036 3
12037 3
12038 3
12039 3
12040 3
12041 1
12042 1
12043 4
12124 2
12125 4
12126 2
12127 2
12128 2
12129 2
12130 2
12131 3
12132 3
12133 3
12134 1
12135 1
12146 3
12147 2
12148 1
12149 5
12150 2
12151 2
12152 2
12164 2
12165 2
12166 3
12167 1
12168 5
12169 3
12170 3
12171 3
12172 3
12173 2
12174 2
12175 2
12176 2
12177 2
12178 2
12179 2
12180 2
12181 3
12182 3
12184 3
12185 3
12186 3
12187 3
12188 3
12189 3
12190 3
12191 5
12192 3
12193 4
12194 2
12195 2
12196 2
12197 2
12198 2
12199 3
12200 3
12201 3
12202 3
12203 3
12204 1
12205 3
12206 3
12207 3
12208 3
12209 1
12210 1
12212 4
12213 2
